{
 "cells": [
  {
   "cell_type": "code",
   "execution_count": 96,
   "metadata": {
    "collapsed": true
   },
   "outputs": [],
   "source": [
    "import numpy as np\n",
    "import definitionsFits as defs\n",
    "import matplotlib.pyplot as plt\n",
    "import cmath\n",
    "import os\n",
    "import scipy.special as spcl\n",
    "import pylab\n",
    "import differentFitting as diffFit\n",
    "import scipy.optimize as sopt\n",
    "\n",
    "%matplotlib inline\n",
    "\n",
    "def alphaOne(omega, bA, bB, bC, bD, bE, bF):\n",
    "    termOne = bA / (omega - bB)\n",
    "    termTwo = bC * np.exp(-bD * np.power(omega - bE, 2.0))\n",
    "    return termOne + termTwo + bF\n",
    "\n",
    "def alphaThree(omega, bA, bB, bC, bD, bE, bF, bG, bH, bI):\n",
    "    termOne = bA / (omega - bB)\n",
    "    termTwo = bC * np.exp(-bD * np.power(omega - bE, 2.0))\n",
    "    termThree = bF * np.exp(-bG * np.power(omega - bH, 2.0))\n",
    "    return termOne + termTwo + termThree + bI"
   ]
  },
  {
   "cell_type": "code",
   "execution_count": 97,
   "metadata": {
    "collapsed": false
   },
   "outputs": [
    {
     "data": {
      "text/plain": [
       "(-1, 1)"
      ]
     },
     "execution_count": 97,
     "metadata": {},
     "output_type": "execute_result"
    },
    {
     "data": {
      "image/png": "iVBORw0KGgoAAAANSUhEUgAAAX4AAAEACAYAAAC08h1NAAAABHNCSVQICAgIfAhkiAAAAAlwSFlz\nAAALEgAACxIB0t1+/AAAHDpJREFUeJzt3Xt0VOW9//H3l5AAASQBFC14F6kW6an3eqnR2iPqAavY\nKlitWq2X+mtXtV1aWyveTmvPWurpcqn11qX+BG0rICCW1h9GvGFFlIICiqIStJQECEoSMkm+vz+e\nIYZkgCRz2TPZn9daezGT2Zn93ST5PHs/+3n2mLsjIiLx0SvqAkREJLcU/CIiMaPgFxGJGQW/iEjM\nKPhFRGJGwS8iEjNpB7+ZPWxma81syQ7W+b2ZvWdmi83sa+luU0REui8TR/x/BMZu70UzOw04wN1H\nAj8E7s3ANkVEpJvSDn53fxHYsINVxgOPJNd9DSgzs2HpbldERLonF338w4HVbZ5XASNysF0REUkh\nF8FvyaWtlhxsV0REUuidg21UAXu2eT4C+KT9SmammwaJiHSDu7c/uN6hXBzxzwQuADCzo4GN7r42\n1Yru3mOXG2+8MfIatG/aP+1fz1u6I+0jfjObCpwADDWz1cCNQHEyyP/g7nPM7DQzWwlsBi5Kd5si\nItJ9aQe/u0/sxDpXpbsdERHJDM3czZGKioqoS8ianrxvoP0rdD19/7rDuttHlGlm5vlSi4hIoTAz\nPA8v7oqISB5R8IuIxIyCX0QkZhT8IiIxo+AXEYkZBb+ISMwo+EVEYkbBLyISMwp+EZGYUfCLiMSM\ngl9EJGYU/CIiMaPgFxGJGQW/iEjMKPhFRGJGwS8iEjMKfhGRmFHwi4jEjIJfRCRmFPwiIjGj4BcR\niRkFv4hIzCj4RURiRsEvIhIzCn4RkZhR8IuIxIyCX0QkZhT8IiIxo+AXEYkZBb+ISMwo+EVEYkbB\nLyISMwp+EZGYUfCLiMSMgl9EJGYU/CIiMaPgFxGJGQW/iEjMKPhFRGJGwS8iEjMKfhGRmFHwi4jE\njIJfRCRmFPwiIjGj4BcRiZm0g9/MxprZcjN7z8yuTfH6hWa2zszeTC4Xp7tNERHpvt7pfLOZFQF3\nAycDa4DXzWymuy9rs5oDU939x+lsS0REMiPdI/4jgZXu/qG7J4AngDParWPJRURE8kC6wT8cWN3m\neVXya205MMHMFpvZn81sRJrbFBGRNKTV1bMd3u75LGCKuyfM7DLgEeCbqb5x8uTJrY8rKiqoqKjI\nQnkiIoWrsrKSysrKtN7D3NvndBe+2exoYLK7j00+/wXQ4u63b2f9IqDG3ctSvObp1CIiEkdmhrt3\nqTs93a6ehcBIM9vHzEqAc4CZ7Yravc3T8cA7aW5TRETSkFZXj7s3mdlVwFygCHjI3ZeZ2U3AQnef\nBfzYzMYDTUANcGGaNYuISBrS6urJJHX1iIh0XRRdPSIiUmAU/CIiMaPgFxGJGQW/iEjMKPhFRGJG\nwS8iEjMKfhGRmFHwi4jEjIJfRCRmFPwiIjGj4BcRiRkFv4hIzCj4RURiRsEvIhIzCn4RkZhR8IuI\nxIyCX0QkZhT8IiIxo+AXEYkZBb+ISMwo+EVEYkbBLyISMwp+EZGYUfCLiMSMgl9EJGYU/CIiMaPg\nFxGJGQW/iEjMKPhFRGJGwS8iEjMKfhGRmFHwi4jEjIJfRCRmFPwiIjGj4BcRiRkFv4hIzCj4RURi\nRsEvIhIzCn4RkZhR8IuIxIyCX0QkZhT8IiIxo+AXEYkZBb+ISMwo+EVEYkbBLyISMwp+EZGYSTv4\nzWysmS03s/fM7NoUr/cxsyeTry8ws73T3aaIiHRfWsFvZkXA3cBY4GBgopkd1G61HwA17j4SuBO4\nPZ1tiohIetI94j8SWOnuH7p7AngCOKPdOuOBR5KPnwK+meY2RUQkDb3T/P7hwOo2z6uAo7a3jrs3\nmVmtmQ129/VpblvyjLuzObGZukRdh6WxuRF3x/HWf1u8BYDiXsX06d2HkqISSopK6FMUHvfp3Yc+\nRX0YUDKA0uJSzCziPRTpGdIN/lS83fNUf63t1wFg8uTJrY8rKiqoqKjIWFGSntqGWj7c+GHr8lHt\nR6z5bA3VddWs27yO6rpqquuq6d2rN/1L+lNaXLrNUlJUgmGYGYbRy3q1BnmiOUFjc2PrsqV5S+vj\n+kQ9mxObaWhqoH9xfwb2GciAkgEMKBnAwJLweGCfgexSsgvl/coZ3G8w5X3LKe9X3uHfXfrsQi/T\neAYpbJWVlVRWVqb1HuaeMoM7981mRwOT3X1s8vkvgBZ3v73NOn9NrrPAzHoDn7r7riney9OpRTKj\nuaWZt9e9zRufvMHSfy9l6bqlLP33UjZt2cS+Zfuyd9ne7DNoH/Yp24fhuwxn19JdGVo6lKGlQxlS\nOoS+vftmra7PGz/n88bP+azxs/Dvls9an9c21LKhYQMb6jewvn59eJx8vvXfukQdg/oOam0IBvcb\nHGrvN7R1H7Yuu/YP+zWk3xCKi4qzsk8imWBmuHuXTofTDf7ewApCv/0nwD+Aie6+rM06VwKHuPsV\nZnYu8G13PzfFeyn4I5BoTvBq1avMWzWPV1a/wmtrXmP3AbtzxJeO4JDdDmH0bqMZvdto9hq0V8F3\ntSSaE2xs2NjaENTU11BTV9N6tlJdV011ffU2z9fXr6d/cf8ODcOOlvK+5RT1Kop6dyUmch78yY2e\nCtwFFAEPuftvzOwmYKG7zzKzPsBjwNeAGuBcd/8wxfso+HOkuq6ap5c/zZyVc5i3ah77l+/Pyfud\nzLF7HsvRI45m1/4dTshiq8VbqG2o3bZxaL+0ayxqG2op61u27RlEmzOjVMsufXYp+IZVohFJ8GeK\ngj+7Nm3ZxIzlM5i6dCqvrn6VUw44hdNHns4p+5/CsAHDoi6vR2lqaWJ9/fqOZxNtGoq210Wq66pp\naGpgSOmQTjUSW5fS4tKod1XygIJfOvjn2n9yz+v38OTbT3LcXscxafQkxo0ax4CSAVGXJm1sadpC\nTf12Goq6atbVbdtQrNu8jl7Wa5vrEdu7XtH2GkxJUUnUuyoZpuAXIAyrnPPeHG5/+XY+2PABlx12\nGZccegl7DNwj6tIkQ9ydukRdpxqJrUtNfQ2lxaWdPqPQ9YrCoOCPuRZv4enlT3Pri7fS1NLE9cdd\nz4SDJ9C7VzZG7UqhcXdqt3S8XrFNt1OK6xXl/cq3bRD6hbOHIf2GMKR0CIP7DW59PKRfeK6RULmj\n4I+xlz5+iZ/O/Skt3sKvv/Frxo0apzHrkramliY21G/ocEZRU1cTRkUlR0bV1Ne0XtfY0LCB0uLS\nDg3C1kahbaPR9muD+gzSBe5uUPDH0IcbP+Tnf/85r1W9xm9P/i3njj5XgS+RavEWNm3ZRE1dsjFo\n0zhs87V2X69vqqe8b3mHBmFro5Hq7CKbc0cKhYI/Rppbmrn7H3dzy/xb+MlRP+GaY67RKA8paInm\nRIeGYutZRIevtXleZEUdziJ2dnbRk65dKPhjYtm6ZVw882KKexXz4PgHOXDIgVGXJBKJrfeH2m4D\nsZ0uqdqGWnbps0vqs4g2DcTW1wb3G8zgfoPzcr6Fgr+Hc3ceevMhrnvuOm4+8WYuP/xydeuIdENz\nSzMbGzZ27H5q0zhs/drWBmR9/fptuqPaNgrtG4v2X+tf3D9rDYaCvwfbtGUTl82+jKX/XsqTZz/J\nwbseHHVJIrHT2NzYeruPtg3CNo1Eu9dq6mtoamnq2CC0OZPo0JAkn3em+1bB30OtXL+ScVPHcfxe\nx/O/Y/+XfsX9oi5JRLqgoamhtYFo3yi0Pm9Y3+Hsw8xaG4Tzx5zPz4/9eYf3VvD3QPNWzWPiUxO5\nqeImLj/88qjLEZEcqk/UtzYOA0oGsF/5fh3WUfD3MA+/+TDX/7/rmTJhCifte1LU5YhIHupO8GtK\nZ576n5f/h3sW3sP8i+Zr1I6IZJSCP8+4O7+c90umL5/Oixe9yIhdRkRdkoj0MAr+POLuXD33auZ/\nPJ/5F87XffFFJCsU/HnkV/N+ReVHlcy7YB7l/cqjLkdEeigFf564bf5tzFgxgxcufEGhLyJZpeDP\nA/e8fg+PLH6EFy58gaGlQ6MuR0R6OAV/xGa/O5tb59/KSxe/pA9KEZGcUPBHaNGni7jo6YuYPXF2\nyokZIiLZoDt8RWTNpjWMnzqe+06/j6NGHBV1OSISIwr+CDQ2N3L2n8/myiOuZMLBE6IuR0RiRrds\niMBVc66ialMV086Zptsqi0hadMuGAvDY4seY+/5cFl66UKEvIpFQ8OfQsnXLuPpvVzPvgnkM6jso\n6nJEJKZ0yJkjW5q2MGnaJG476TYOGXZI1OWISIwp+HPkhudvYO9Be3PpoZdGXYqIxJy6enJg3qp5\nPL7kcd667K28+6BmEYkfHfFnWW1DLRfOuJCHxz+su22KSF7QcM4su2L2FTR7M/ePuz/qUkSkB9Jw\nzjwz/6P5zHp3FkuvXBp1KSIirdTVkyUNTQ1cOutS7j7tbsr6lkVdjohIKwV/ltzywi2MGTaGb3/5\n21GXIiKyDXX1ZMGK6hX84Y0/sOSKJVGXIiLSgY74M8zd+clff8L1x1+v++uLSF5S8GfYrHdn8VHt\nR1x15FVRlyIikpK6ejKooamBn879Kfedfh8lRSVRlyMikpKO+DPojlfvYMywMXxr/29FXYqIyHbp\niD+Dhg8czsT/nBh1GSIiO6SZuyIiBaw7M3fV1SMiEjMKfhGRPOcOdXWZez8Fv4hIHnvrLfjmN+GG\nGzL3ngp+EZE89Omn8IMfwNix8N3vwu23Z+69NapHYqG5Gf71L1i9GtauDafNDQ3Q1ASlpdC/Pwwc\nCMOHw4gRMGBA1BVLXNXVwR13wF13heBfsQIGZfgjuhX80iP9618wdy689BIsWgTvvAPl5SHU99gj\nhH3fvlBUFP7QNm+G2lr45JPQOPTtCwceCKNHwyGHhOXII0PjIJINzc0wZQr88pdw9NHw+uuw777Z\n2ZaGc0qPsW5d+MN57DF4//3QL3riiXDooTBmTDiq7wx3qKkJR1pLl8KSJaGf9a23YORIOOYYOPZY\nOPlk2G237O6T9HzuMHNmCPxBg0KXznHHdf77uzOcs9vBb2aDgSeBvYEPge+6+8YU6zUD/0w+/cjd\nU96nWMEv3bVsGfzmN+GPZ9w4+P734YQToLg4s9tpbIQ334RXXoH58+H552G//eCUU8JyzDFQojt1\nSBc8/zz84hdQXw///d9w2mnQ1Y/lznXw/w6odvffmdm1QLm7X5divc/cfacnyAp+6aqPPoJrrw1/\nPD/+MfzoR1CWw8+8SSTgtddCl9LcubByJZx6Kpx1Vrgg19kzDImfhQvh+uvhgw/g5pvh3HOhVzeH\n2uQ6+JcDJ7j7WjPbHah09y+nWE/BLxnV2Ai/+x3ceWcI/GuuyY+LsZ9+Ck8/DdOmwYIFcNJJcOaZ\nMH58uL4gsmAB3HILLF4Mv/pVuHib7plproN/g7uXt3m+3t0Hp1gvAbwFNAG/dfent/N+Cn7ZqRUr\n4LzzQt/6PffAPvtEXVFqGzbA7NmhEZg3L1xrmDQJ/uu/woVliZf580Pgv/ceXHcdXHQR9OmTmffO\n+Ietm9nfgd1TvPTLLmxjT3f/l5ntC8wzsyXu/kGqFSdPntz6uKKigoqKii5sRnq6qVPDEf7NN8Pl\nl3e9LzSXysvh/PPDUlsL06fDgw/CD38Ywn/SJPjWtzJ/HULyh3to9G+5BaqqQl/++eenfx2osrKS\nysrKtN4j3a6eimSo7wE8n6qrp933/BGY7e5PpXhNR/ySUksL/PrX8PjjoStlzJioK+q+tWvhT38K\njdh778HZZ8PEiWEUR3f7eCW/JBLhZ3zHHWGo8PXXh59x7ywNno/i4m6Nu99uZtcBZe0v7ppZGVDv\n7lvMbCjwCjDe3ZeneD8Fv3SQSMCFF4YLudOnw667Rl1R5qxaBU88EYagbtwYwmHiRPiP/8jvsxlJ\nrbYW7r8ffv/7MOz36qvDKJ1sN+hRDOf8E7AX8BHwHXffaGaHAZe7+6VmdgxwH9BCuD3Ene7+x+28\nn4JfttHYGEY7NDTAU09Bv35RV5Q9S5aEs4CpU8PksUmTQiNwwAFRVyY78+67cO+98OijYVTX1VeH\nuSO5ktPgzzQFv7SVSMCECWFm7RNPZO5CWL5zDyM/pkwJ3QV77x0agXPOCTOOJT8kEqHb8b77QqN9\n8cVhOPGIEbmvRcEvPYI7XHJJuH3CzJnxvQDa1BQuDk6ZEkLmsMNCI3DWWbmdryBf+PjjcJH+wQdD\nd84VV4Qhu1EemCj4pUe44YYwIWrevPwYn58P6uthzpzQCDz3XJgjMGkSnH66hodm2+efh2G5jz4a\nZm6fdx5cdhl85StRVxYo+KXgTZ0aJrYsWNCzLuRm0saN4UL3lCnwj3+EewZ9+9thmKgmimVGc3OY\nEf7oo+Gs8xvfgAsuCP/HfftGXd22FPxS0JYsCUeyzz0HX/1q1NUUhurqMFFs+vQQVEceGboezjgj\nmv7mQpZIhP/Dp56CGTNgzz1D2J97bn7fjE/BLwWrthYOPxxuvBG+972oqylMmzeHLrIZM+CZZ8It\nfceODctRR8X3WsmOfP556FKcPh1mzQqjqCZMCMt++0VdXeco+KVgnX9+6M+/996oK+kZEgl4+eUv\nbiD3wQfhbGrrnUTz9VYX2eYePpvhr3+FZ58NN9k74ohwhnTWWeEov9Ao+KUg/eUvYXbjm2/qjpbZ\nsnYt/O1voRH4+99DP/Xxx3+xHHRQz5w05h7G2b/4YrhfTmVl2M9TTw3LSScV/ofrKPil4Hz6aZip\nOnNm6I6Q7GsbhluXTZvC5wkcfniYfHTYYYU5b2DjxnAAsWgRvPpq2Letjdw3vhGWUaN6ViOn4JeC\nM2FCONq89daoK4m3qqoQlIsWwRtvhKWkJDQAo0fDl78cllGj8mPkUENDuNfRihVhWbw41L52bRgY\ncOih4UL38ceHSXA9mYJfCsqcOeFum0uX5t8QubhzD5OV3ngj9ImvWAHLl4eltBT23z/0h29dRowI\nH1Q/eHBYysq6d1My93DBdcMGWL8+TOKrqoI1a8KyenUI/E8+CRevR40Ky5gxIewPPDDM9o4TBb8U\njLq6cCR5773hYqMUBvcQwKtWhRCuqgr/rl4dwnjDhrBs3BgaiLKy0KiXlHyx9O4dZiUnEl8sW7aE\nkV21teGeTGVl4cziS18KjcrWhmXEiDDyZt99s3e3y0Kj4JeCccMN4SjyT3+KuhLJhpYW+Oyz0AA0\nNoZgb2wMSyIRQru4+IulpCSE/aBBGnbaVQp+KQhVVaEf9q23CnP4nEg+UfBLQbj4Yhg2DH7zm6gr\nESl8Gf/oRZFMW7IkzCp9992oKxGJL33Ym+TUddeFzx4dNCjqSkTiS0f8kjMLFoShm9OmRV2JSLzp\niF9y5tZb4dpr4/NpWiL5Shd3JScWLYJx4+D99zVZSySTunNxV0f8khO33QY/+5lCXyQf6Ihfsu6d\nd+DEE8OtgXX3TZHM0hG/5KW77oIf/UihL5IvdMQvWVVdDSNHhpt7DRsWdTUiPY+O+CXvPPBA+CBw\nhb5I/tARv2RNIhHuojh7dviwFRHJPB3xS1556qnQzaPQF8kvCn7JmvvugyuvjLoKEWlPXT2SFe++\nGz72bvXqcK91EckOdfVI3nj4YbjgAoW+SD7SEb9kXCIRPmClsjJ8QLeIZI+O+CUvzJ4dLuoq9EXy\nk4JfMu7BB+GSS6KuQkS2R109klH//jcceCCsWaNbNIjkgrp6JHJ//jOcfrpCXySfKfglox5/HM47\nL+oqRGRH1NUjGfPBB3DUUfDJJ1BcHHU1IvGgrh6J1BNPwHe+o9AXyXcKfskId3XziBQKBb9kxNtv\nw2efwde/HnUlIrIzCn7JiOnT4ayzoJd+o0Tynv5MJSOmTYMzz4y6ChHpDAW/pG3VqjBh67jjoq5E\nRDpDwS9pmzEDxo+HoqKoKxGRzlDwS9qmTQv9+yJSGDSBS9Kydi2MGhX+7dMn6mpE4kcTuCTnZs6E\nsWMV+iKFpNvBb2bfMbO3zazZzA7dwXpjzWy5mb1nZtd2d3uSn555BsaNi7oKEemKdI74lwBnAvO3\nt4KZFQF3A2OBg4GJZnZQGtssWJWVlVGXkHFbtsDzz8OAAZVRl5JVPfFn15b2L366Hfzuvtzd393J\nakcCK939Q3dPAE8AZ3R3m4WsJ/7yvfQSHHQQvPlmZdSlZFVP/Nm1pf2Ln2z38Q8HVrd5XpX8mvQA\nzz4Lp50WdRUi0lU7DH4z+7uZLUmxpNOrq6E7PcScOXDqqVFXISJdlfZwTjN7HrjG3ReleO1oYLK7\nj00+/wXQ4u63p1hXDYKISDd0dThn7wxtd3sbXQiMNLN9gE+Ac4CJqVbsauEiItI96QznPNPMVgNH\nA8+Y2bPJr3/JzJ4BcPcm4CpgLvAO8KS7L0u/bBER6a68mbkrIiK5kdOZu52dzGVmZ5tZy44mhuWj\nzuyfmX03OfFtqZk9nusa07Gz/TOzvczseTNbZGaLzaxgLv2a2cNmttbMluxgnd8n932xmX0tl/Wl\na2f7Z2bnJfdrsZm9bGZjcl1jOjrz80uud0Ry0mnB3F2qk7+bFWb2ZjJXKnf6pu6ekwUoAlYC+wDF\nwFvAQSnWG0iYFPYKcGiu6svF/gEjgUXAoOTzoVHXneH9ux+4LPn4IGBV1HV3Yf+OB74GLNnO66cB\nc5KPjwIWRF1zhvfv621+L8f2tP1LrlMEzANmAxOirjmDP7sy4G1gRPL5TnMll0f8nZ3MdQtwO7CF\n7V80zked2b9LgbvdvRbA3atzXGM6OrN/LcCg5OMyYE0O60uLu78IbNjBKuOBR5LrvgaUmdmwXNSW\nCTvbP3d/devvJfAaMCInhWVIJ35+AP8H+AuwLvsVZU4n9m0S8JS7VyXX32mu5DL4dzqZK3n6PNzd\nn0l+qZAuQHRmstpIYJSZvWRmr5rZKTmrLn2d2b/JwPeSF/2fIfyh9RSp9r+gwrELfgDMibqITDKz\n4YQDlfuSXyqkbNmZkcDgZDfrQjM7f2ffkKnhnN3V+p9vZr2AO4Hvt3m9kI74U2n/y9UbOAA4AdgT\neNHMRrc50io07fdvEvBHd78zOYfj/wJfyX1ZWWF0/H1siaKQbDKzE4GLgWOjriXD7gKuc/cWM0v1\nsyxkxcChwDeBUuBVM1vg7u9t7xtyGfxVhLDbak+27QoYSAiJyvBzYXdgppmN8xSTw/LQzvZv6zoL\n3L0Z+NDMVhAagjdyU2JaOrN/FwOnALj7AjPra2ZDC6xLa3va7/8IwtyUHiN5QfcBYKy776zbpNAc\nBjyRzJahwKlmlnD3mdGWlRGrgXXuXg/Um9l84KvAdoM/l109rZO5zKyEMJmr9T/d3WvdfVd339fd\n9wUWAIUS+rCT/UuaAZwIYGZDgQOBD3JaZfd1Zv8+Bk4GSN6FtW8PCX0I+3oBtM5I3+jua6MtKXPM\nbC9gGvA9d18ZdT2Z5u77tcmWvwBX9JDQB3gaON7MisyslDD44J0dfUPOjvjdvcnMtk7mKgIecvdl\nZnYTsNDdZ+WqlmzozP65+1wz+08zextoBn5WKEdWnfz5XQM8YGY/JXQDfX/775hfzGwqoQtuaPIa\nxY2EU2jc/Q/uPsfMTjOzlcBm4KLoqu26ne0f8GugHLg3eVSccPcjIyq3yzqxfwWrE7+by83sr8A/\nCd2PD7j7DoNfE7hERGJGH70oIhIzCn4RkZhR8IuIxIyCX0QkZhT8IiIxo+AXEYkZBb+ISMwo+EVE\nYub/A9ZW1T+qK/kBAAAAAElFTkSuQmCC\n",
      "text/plain": [
       "<matplotlib.figure.Figure at 0x1091c2710>"
      ]
     },
     "metadata": {},
     "output_type": "display_data"
    }
   ],
   "source": [
    "plt.plot(defs.omega_dip, alphaOne(defs.omega_dip,-9.81535556e+00,   3.13975075e-01,   4.94111384e+02,\n",
    "          4.29958163e-01,  -2.09667678e+00,   5.85035181e+00), defs.omega_dip, alphaThree(defs.omega_dip,\\\n",
    "          3.26519717e-01,  -3.86939149e-01,  -6.38185123e+00,\n",
    "          9.69371148e+00,   6.33599497e-02,  -1.60485987e-01,\n",
    "         -1.36571022e-01,   1.15095946e-02,  -7.14781666e-02\n",
    "          ))\n",
    "pylab.ylim([-1, 1])"
   ]
  },
  {
   "cell_type": "code",
   "execution_count": 98,
   "metadata": {
    "collapsed": true
   },
   "outputs": [],
   "source": [
    "def presetAlphas(omegaV, alpha_free):\n",
    "                       \n",
    "    dawsarg_1st = defs.T*(defs.delta_m[0] - omegaV)\n",
    "    dawsarg_3rd = defs.T*(defs.delta_m[1] - omegaV)\n",
    "    alpha1f = alphaOne(defs.omega_dip,-9.81535556e+00,   3.13975075e-01,   4.94111384e+02,\n",
    "          4.29958163e-01,  -2.09667678e+00,   5.85035181e+00)\n",
    "    alpha3f = alphaThree(defs.omega_dip,\\\n",
    "          3.26519717e-01,  -3.86939149e-01,  -6.38185123e+00,\n",
    "          9.69371148e+00,   6.33599497e-02,  -1.60485987e-01,\n",
    "         -1.36571022e-01,   1.15095946e-02,  -7.15781666e-02)\n",
    "          \n",
    "    #     alpha1f = fit_dipoles(omegaV, m_1, b_1)\n",
    "#     alpha3f = fit_dipoles3(omegaV, m_3, b_3)\n",
    "    real_factor = (alpha1f*np.exp(-alpha_free*defs.T*defs.T*(defs.delta_m[0]-omegaV)\\\n",
    "                    *(defs.delta_m[0]-omegaV)))\\\n",
    "                     + (alpha3f * np.exp(-alpha_free* defs.T * defs.T *\\\n",
    "                    (defs.delta_m[1]-omegaV)*(defs.delta_m[1]-omegaV)))\n",
    "    imag_factor = (alpha1f*(-2*cmath.sqrt(-1))/\\\n",
    "        (np.sqrt(np.pi))*spcl.dawsn(np.sqrt(alpha_free)*dawsarg_1st)) + \\\n",
    "            (alpha3f*((-2*cmath.sqrt(-1))/\\\n",
    "                (np.sqrt(np.pi)))*spcl.dawsn(np.sqrt(alpha_free)*dawsarg_3rd))\n",
    "    domegaV = np.gradient(omegaV)\n",
    "    phase_fit = np.arctan(np.imag(imag_factor)/np.real(real_factor))\n",
    "    \n",
    "    dphi_fit = np.gradient(phase_fit, domegaV)\n",
    "    return dphi_fit  \n"
   ]
  },
  {
   "cell_type": "code",
   "execution_count": 99,
   "metadata": {
    "collapsed": false
   },
   "outputs": [],
   "source": [
    "sampleOne = presetAlphas(defs.omega_dip, 5.62392912e-03)"
   ]
  },
  {
   "cell_type": "code",
   "execution_count": 119,
   "metadata": {
    "collapsed": false
   },
   "outputs": [
    {
     "data": {
      "text/plain": [
       "(-5, 5)"
      ]
     },
     "execution_count": 119,
     "metadata": {},
     "output_type": "execute_result"
    },
    {
     "data": {
      "image/png": "iVBORw0KGgoAAAANSUhEUgAAAXUAAAD7CAYAAACVMATUAAAABHNCSVQICAgIfAhkiAAAAAlwSFlz\nAAALEgAACxIB0t1+/AAAHgNJREFUeJzt3Xl4VdW9xvHvj0EGK6igYqWKjag4YJGiUoccFXLQiG21\nap2r1dqqhMdbqghYUtFab5+qhHpxuK3XoUWvYK3m1BAEQ0TBWytOoF6JikIVvWrFAcK07h/rEHLI\nSXKGfYbsvJ/nOY/J3vvsvXaI71lZew3mnENERMKhS6ELICIiwVGoi4iEiEJdRCREFOoiIiGiUBcR\nCRGFuohIiHTL9QXMTH0mRUQy4JyzdN+Tl5q6cy60r6lTpxa8DLo/3V9nu7fOcH+ZUvOLiEiIKNRF\nREJEoZ6lSCRS6CLklO6v4wrzvUH47y9Tlk3bTUoXMHO5voaISNiYGa5YH5SKiEh+KNRFREJEoS4i\nEiIKdRGREFGoi4iEiEJdRCREFOoiIiGiUBcRCRGFuohIiCjURURCRKEuIhIiCnURkRAJJNTNrKuZ\nLTWzx4M4n4iIZCaomvp4YDmg6RhFRAoo61A3s4HAycB/AmlPEykiIsEJoqZ+K/ALYEsA5xIRkSx0\ny+bNZnYK8KFzbqmZRVo7rrKysunrSCSiFUtERLZTV1dHXV1d1ufJauUjM/s1cD6wCegJ9AHmOOcu\naHaMVj4SEUlTpisfBbacnZmVAhOcc2O3265QFxFJU7EsZ6f0FhEpIC08LSJShIqlpi4iIgWkUBcR\nCRGFuohIiCjURURCRKEuIhIiCnURkRBRqIuIhIhCXUQkRBTqIiIholAXEQkRhbqISIgo1EVEQkSh\nLiISIgp1EZEQUaiLiISIQl1EJEQU6iIiIaJQFxEJEYW6iEiIKNRFREJEoS4iEiIKdRGREFGoi4iE\niEJdRCREuhW6AFKcYrF6qqpqaWzsRo8em6ioKKO8/LhCF0tE2qFQlxZisXrGj59LQ8ONTdsaGiYD\nKNhFipyaX6SFqqrahEAHaGi4kRkz5hWoRCKSKoW6tNDYmPwPuPXru+a5JCKSLoW6tNCjx6ak23v2\n3JznkohIuhTq0kJFRRklJZMTtpWUTGLcuNEFKpGIpMqcc7m9gJnL9TUkeLFYPTNmzGP9+q707LmZ\nceNG6yGpSB6ZGc45S/t9CnURkeKTaair+UVEJEQU6iIiIaJQFxEJkaxD3cy+YWZPmdlyM3vVzCqC\nKJiIiKQv6welZjYAGOCce9HMvgb8A/iec+61+H49KO0A2pvrRXPBiORXpg9Ks577xTn3AfBB/Osv\nzOw14OvAa9meW/KjvbleNBeMSMcRaJu6mQ0ChgHPBXleya325nrRXDAiHUdgoR5vepkNjHfOfRHU\neSX32pvrRXPBiHQcgUy9a2bdgTnAA865R7ffX1lZ2fR1JBIhEokEcVkJSHtzvWguGJHcq6uro66u\nLuvzBPGg1IB7gY+dc1cl2a8HpUUuWZt5Sckkpk8f02qbevP9IhK8gk0TYGbHAPXAy8DWk13rnKuJ\n71eodwAt5nopL6F8565w5JGw//6aC0YkzzT3iwRj82YYNw4eewyOPRbmz4eKCpgypdAlE+lUCtal\nUULmqqvgjTfg9dfha1+DNWvg+OOhf3/46U8LXToRaYdq6rJNLAZXXgkvvgh9+27b/uabMHIk/P3v\nsO++hSufSCei5hfJzoYNMGQI3HUXnHhiy/3XXw8rVsB99+W/bCKdkEJdsvP73/ua+hNPJN+/di2U\nlMAzz8D+++e3bCKdkOZTl7TFYvVEo1OIlE4lOuFBYtHTWz+4Tx/4yU9g5sz8FVBE0qaaeieVvO/5\nZKZPj7beVfHtt2HECFi1Cnr2zFNJRTonNb9IWqLRKdTW3pBk+3XU1Exr643Ehh5N1csbNGOjSA6p\nS6OkJdP5XGIHHcH4me/Q8OUfm7ZpxkaR4qE29U4q0/lcql5qTAh00IyNIsVEod5JVVSUUVIyKWFb\nSckkxo0b3eb7Grf0TrpdMzaKFAc1v3RS5eXHwbJlzLg+wvrhpfTstYVx49qfoEszNooUN4V6J1b+\n3nLKJ45Ka16XiooyGt64moaV/960zdfwx+SiiCKSJoV6Z+Uc/PWvUFOT1tu21uRnnFnK+iEj6Nm/\nV0o1fBHJD3Vp7KyWLoUzzvDzuljavab8HDF77w1XXx182UREI0olTY89BqeemlmgA5SVwTz1eBEp\nNqqpd1bDh8Mtt0BpaWbvX7uW2O4lVB17CY0be2gQkkjANPhIUrdqFaxcCUcfnfEpYk+/yHh3Eg1P\n3tS0rSgHIb3wgp9Z8pVXoEsXGDoUvv99f++Z/pUiUsTU/NIZPf44nHwydMv8M72qqpaGDYnT8BbV\nIKR16+DSS30TU79+cM018POfwy67wMUXb5sfXiRkVFPvjGpq4Ic/zOoUmU4zkBdffuk/tAYMgOXL\n/QyTW40ZA5Mm+dr72LF+5smpU6FrEZRbJACqqXc2GzfCwoXJF8JIQ9EOQnIOLrrI98yZNSsx0Lfq\n0gV+9CO/wtMzz/iHvp9+mveiiuSCQr2zee45+OY3YffdszqNn2ZgcsK2VKYZyLnbb4d33oG77/bh\n3ZYBA6C2Fg47DI45Bt59Ny9FFMklNb90NvPmwejsg7dpENJPvsv6Hfeg5zf3KPwgpPfeg8pKWLSo\n1fneY7F6qqpqE6cNvuUWuPVW//B07lw46KD8llskQAr1TiQWq6dq+rM07nMQPV6cknUXxPLy4yi/\nbrmv/d/Txhzs+XLNNX5Q1IEHAi0DfOTIr/PAA6sTFgZp6rFz1VWw224wapQP9kMPDbRoST9MiqmX\nkISHcy6nL38JKbTq6oWuZN9rnG909q+Skkmuunphdid+/nnnDj44mEJm45VXnNt9d+c+/9w5F7/f\nkkkJ99ur15nNvl/oYLKDqa5fvzO3/RxmzXJujz2cW7o0sKIlK0sgP3sJtXh2pp+5mbwprQso1ItC\nWdnkhFDZ+opGp2R34sZG53r3bgrTgjn9dOd++9umb5Pf79Rmgd5GyM6e7T8gnn8+kKLl7GcvoZZp\nqOtBaSeRsy6IO+wAhxziB/kUyltv+R49l1/etCn5/W7tsVML3JiwJ6GP/emnw113+W6RS5YkHNe0\nWHekkmh0CrFYfbvFK+runxI6alPvJHLaBXHECD+Q57gCtRH/x3/4boy9ty3gkfx+y+jV66esWzcg\n6WkSQva734Xu3f3gpYceguOPT7pYdyqjaIu2+6eEkmrqnUTFWYdR0uWchG2BdUEcMQKefz7782Ti\nq6/gv/4LfvazhM3Ju1zWcPXVQ+nX77Wkp2oRsiefDA8/DGedBdXVfhRtQ+s1/NZq8UXb/VNCSTX1\nTqJ8y2dw7Fpm9LyO9eu70rPn5uC6II4YAdMK1Ptlzhw48kjYd9+EzU1dLme0vN8RIw5h/PjJCQHd\n6kIfpaVQXQ2nnkrjrqclLcL69V1TqsUnK4tI0DRLY2dx9tm+f/rFFwd/7s2b/Zwq77wDu+4a/Pnb\nEDu8lKrNg2ncZWBaXQVjsXpmzJjXLGRHN70vaffDvXch+u2fUbthUYtzRaPX4ZyjtvaGpPtqaoqg\nu6d0OJnO0qjeL53Bli2+N8c77+TuGqWlzs2dm7vzJ1F93yOuxH4YaFfBtrofVv/xYVeyw3nb7bvW\nVVcvdKWlU5P2cCktnRrcDUungnq/SKuWLYOddoJ99sndNYYPz1kPmNbaqqtunEODm5VwbLYzRbbV\nbl5+0Q+Y/sC5RPufTGnf7xGN/ILp030zih6GSrFQm3pnMH8+nHBCbq8xbJif0jdgbbVVN67+LOl7\nsukq2F73w/IzxlB+2mi44QaYOROIAPEFuRtSbKcXySGFemcwfz6ce25urzFsGFx/feCnbbXm/Ntf\n0GP9x0nfk03tOKUad9eufrreE06A886DsjLKb74ZputhqBSeml/CbtMmqK+H44/P7XUOOABWr4bP\nPw/0tK3WnP/5GRVH9wu8q2Ba3Q+PPRZeftlPHnbQQZR/8CY11VOpq6ukpmaaAl0KQjX1sPvHP/zc\n4llOtduubt3g4IN9yGWxTN72Wq05f/Ie5TdcBDsOCLR2nHb3w759YcYMuOACmDABbr7Z1+LPPNMP\nXhLJs6y7NJrZGOA2oCvwn865m7fb77K9hmQudsEVVC1cQ+O+h+R+dsDLLvOzG155ZWCnTNamXrLv\nRKZ/8EfKP1iRfBGMQnEOFizwzVArVsAll8CPf+w/VEXSVJCFp82sK/B7YBSwGvi7mT3mnEs+ZE/y\nKharZ/zsL2lYNxvi6z/kdHHoYcMCX/czac15WB/Klx5eXIEOfiHrE0/0r1dfhTvugMMPh0GD/GLX\no0b5n9EOOxS6pBJiWdXUzWwkMNU5Nyb+/UQA59xvmh2jmnqBREdfS+2TN7XcnqsBMUuWwBVX+Caf\nXPrRj/wo1iuuyO11grBpEzz9NDz6qJ90rKHBd/8cOtQvxjFkiB8NO2CAwl4SFKSmDuwFvNfs+1XA\nkVmeM1QKuThC44dfJd2es9kBhw6F117z66Dmqj3ZOd+bZ9Kk3Jw/aN26+YfUWx9Uf/aZX1Rk2TL/\n4Xf//bByJaxZ40flfv3rflRunz7bXjvt5B/Gdu/ug7/5f7t399cwS3xB+tukcKLRwD7Uc/GgtEW1\nvLKysunrSCRCJBLJwWWLT6az+gWlx+cfJN2eswExvXv7pobly/26n7mwYoX/7+DBuTl/rvXt6xe6\nLitL3L55M3z0ke9B9K9/wdq1/vX55/6DoLER1q+HDRv8h+bGjdu+3rQpcSArtBzc2t42KazSUuqe\nfZa6urqsT5Vt88tRQGWz5pdrgS3NH5aGovnlq6/8aMmRI30f5RRFo1MKOh9I7MARjP/8GBr+eWvT\ntpKSSU2jIHPinHN8rePCC3Nz/jvvhGefhXvvzc35Owgtjxd+hWp+eR4YbGaDgH8CZwFnZ3nO4vPu\nu779ds0aOP98P3d3CosTF3RxhLVrKV/9Otx3EzPuzOOAmGHDYOnS3IX6ggV+StyQyCScC/0XoBS5\nTCaMaf4CTgLeAFYA1ybZH+gkNwX1+uvOTZzo3J57OheNOrdoUZuHF3QZs7/8xblRo3J/ne3Nm+fc\nccfl5tybNzvXv79zK1fm5vx5lunapVoer3OgUBN6OeeecM4d4JzbzznXsqtFmBxwANx0E7z9tl/y\n7PzzYexY/30SBV0coaYGTjop99fZ3re+BS+9lJt22ldfhZ13Dk2/7/YW3WiNlseTtmhEaSZ69IBL\nL/WjCH/3O/j2t+Haa+Hf/g26bPucLNjiCM75UK+oyO11kog9t5yq9YfQeNREeuzcPdi23gULcj8x\nWR5lGs6aEVLaolDPRo8evmvd2Wf7CbOefBLuuy9hSH55+XH5b+f83//1vSmGDMnrZZvaehsXwf/4\nbam29abUtrxggZ9AKyQyDWfNCCltyqTNJp0XYWpTb8uGDc5dc41zgwY5t2xZSm+prl7oysomu9LS\nqa6sbHJWizskuO025y65JJhzpSHTtt6U2pY3bnSub1/n1qzJ8V3kT/L7vjal34Pq6oUuGp3iSkun\numh0SnC/O1I0yLBNXaEetHvv9asMPfVUm4dl+pCsPdXVC11ZvzGu9KDLg/2gSEGmq/+k9GGwZIlz\nhx6a2xsoAIWztCbTUFfzS9AuuAAGDvSz9D30UKtT3rb+kOy6jJtrYrF6xlc8QcPHT8DHwPI8D3bK\nsDkhpbblkLWnb1WQ5jkJNc2nngsnnAD//d8+2BcuTHpILnowVFXV0vBWYgekbJd3S0emvX1S+jAI\naaiLBE019VyJRODBB+GMM/xcJYcemrA7Fz0YCt3VLaG3z/8so+eg3Rg37dx2a6LtPvhrbPSThc2e\nnbOyi4SFQj2XTjwRpk+HU06BxYv9ZE1xyYJswICL+fDDnkQilRkN/e6xw8ak2/PZ1a2pOWHSJD9B\nUQrlb7fr5+LFfgRv3765LLpIKCjUc+3ss/3gpFNO8VOw7rgj0DLI1q5dxfvv78zSpbc0vTXd9vCK\nUQNpWHg+DRvub9pWsK5uw4enNT9Lm23LanoRSVnWKx+1e4EwTOiVLef8HOCbNsEDDySd5jSQyb8m\nTCC26jNm/GtAsxrv6MI8iHv7bTjmGD/rYLaOOcYvETc6DyNxRYpEoSb0klSYwcyZfpbH229Putxb\n1u3hzsGjj1L+8MOUDxuWTWmDMWgQrFsHH3zgF4DI1BdfwIsvBrruqUiYqfdLvvTuDY884tevXLy4\nxe5sHpzGYvVER1YQWT2Y6MTZxGL1WRc3a2Z+KbcXXsjuPIsW+WkYevcOplwiIadQz6eSEvjDH3xX\nx48+StjVsjtgPb16ncXq1Z8TjU5pNai3Ds2vfW4GC9c/QW3tjYwfP7c4gn348OxDff58taeLpEHN\nL/k2dqxf5OHcc+GJJ5oW3Wj+4HTVqg956y1j3bqHePVVPzlhaw9NczGIKTCHH+67dWZjwQLfg0hE\nUqKaeiFMm+aXIrsh8cFoeflx1NRMY6+9dmPdujsS9jU0RLnwwtuJRCoTau6F7pvepmybXz75BN58\nE444IrgyiYScauqF0K0bzJrlmydGjmyxXmXLoK4H5vLxxw81DVDdWnMv6mlYS0r8Optr1sAee6T/\n/ro6+M53AluQV6QzUE29UPbcE/78Z7/s26pVCbtaBnUt0LyJpZ6GBuP88//AR6tWMsDOTTg6bwtx\ntKdLFzjqqKQPhmOxeqLRKS3+8kjw5JPqxiiSJtXUCykSgXHj4KyzfK20e3cg2WjT5v9MvtYON/Lp\np/DppzCg9xkcfuAV7LTTbvlbiCNV3/mOf4bwve81bUp5jc0nn4TLLstbUUXCQIOPCm3LFv/w9MAD\n/SpKcbFYPTNmzGP9+q68+uprfPzxQ/E9U4AsBynl0/z5fuDQokVNm1IaaLVyJYwY4fu5d9EflNL5\nZDr4SP+3FFqXLn61pDlz4C9/adq89aFpXV0l9957RbPujkX8YDSZI46ApUv9g+G4lB7uzp/v585R\noIukRf/HFIN+/fxUvZdd5pei2055+XFMnx4lGr2OXXZ5PekpiuLBaDI77QSDB/tgj0vp4e6TT8Ko\nUbkunUjoKNSLxRFHwG9+43vCrFzZYvfWmvv9919OScmkhH1F82C0NVvb1ePanXd9yxZfU1eoi6RN\nD0qLycUX+y6AJ54INTWw334tDikvPw7uuYcZn0ZZf8hR9Oy1pbgejCZz9NG+eemqq4AUptp96SU/\nze4++xSqxCIdlh6UFqM77vAPF2fOhO9/f9usjps2wS9/6QPymWegf//CljNV77/v50P/6CPfR789\nv/qV/3Br9uBYpLPJ9EGpQr1YLVrk29h33BFOOsk3ScyZ4xfamDULdtut0CVMz2GHwZ13+n7r7Rk+\nHG65BUpLc18ukSKlUA+jTZtg3jzfHm3m+7Uff3zS+diL3oQJ0KeP/0ujLatW+Q+ANWtSq9WLhJRC\nXYpbba2fdrhZf/Wk7rjDH/PAA/kpl0iRUj91KW7HHgsvvwwff9z2cQ89BKedlp8yiYSQQl3yo1cv\niEYTBli18O67PvjLy/NXLpGQUahL/px1lq+Jt+ZPf4If/AB69MhfmURCRm3qkj9ffQV77QWvvAID\nBybu27TJjzx98EE48sjClE+kiOhBqRSdWKyeqqpaGhu70aPHJioqyiifO9t307zppsSDH34YbrvN\n978XEYW6FJdk0+uWlExm+sShlE+8At54w895A7BxI3zrW36ahLFjC1RikeKiUJei0ub0uvt9Cl98\nAffc4/vcT5sGTz8Nc+d2zD74IjmQaahrdIfkRJvT6/7613606AUX+AFJ1dXbBliJSFay6v1iZr81\ns9fM7CUze8TM+gZVMOnY2pxet08feOopvzBIv37w3HP+AaqIZC2r5hczGw3Md85tMbPfADjnJm53\njJpfOqFkbeoDBlzMnnv2pE+f3bc9OC3m2SVFCqggzS/OuXnNvn0OOD2b80l4bD+97tq1q3j//Z1Z\nuvSWpmOSrksqIlkJ7EGpmT0OzHLO/Xm77aqpS2rrkopIk5zV1M1sHjAgya5JzrnH48dMBjZsH+gi\nW6W0LqmIZK3dUHfOtblOmpldCJwMnNjaMZWVlU1fRyIRIpFIygWUcEhpXVKRTqyuro66urqsz5Pt\ng9IxwO+AUufc/7VyjJpfpJXBSJOYPr3Il+ITKZCCDD4yszeBHYBP4psWO+cu3+4YhboAPthnzJjX\nbF3S0Qp0kVZoRKmISIhokQwREVGoi4iEiUJdRCREFOoiIiGiUBcRCRGFuohIiCjURURCRKEuIhIi\nCnURkRBRqIuIhIhCXUQkRBTqIiIholAXEQkRhbqISIgo1EVEQkShLiISIgp1EZEQUaiLiISIQl1E\nJEQU6iIiIaJQFxEJEYW6iEiIKNRFREJEoS4iEiIKdRGREFGoi4iEiEJdRCREFOoiIiGiUBcRCRGF\nuohIiCjURURCRKEuIhIiCnURkRBRqIuIhIhCXUQkRBTqIiIhknWom9kEM9tiZrsGUSAREclcVqFu\nZt8ARgErgymOiIhkI9ua+i3A1UEUREREspdxqJvZqcAq59zLAZZHRESy0K2tnWY2DxiQZNdkYBJQ\n1vzw1s5TWVnZ9HUkEiESiaRTRhGR0Kurq6Ouri7r85hzLv03mR0CzAe+im8aCKwGjnDOfbjdsS6T\na4iIdGZmhnOu1cpyq+8LInDN7G1guHPukyT7FOoiImnKNNSD6qeu1BYRKQKB1NTbvIBq6iIiaSt0\nTV1ERIqAQl1EJEQU6iIiIaJQFxEJEYW6iEiIKNRFREJEoS4iEiIKdRGREFGoi4iEiEJdRCREFOoi\nIiGiUBcRCRGFuohIiCjURURCRKGepSCWnypmur+OK8z3BuG/v0wp1LMU9l8s3V/HFeZ7g/DfX6YU\n6iIiIaJQFxEJkbwsZ5fTC4iIhFQmy9nlPNRFRCR/1PwiIhIiCnURkRAJLNTNbIyZvW5mb5rZNW0c\n9wMz22Jmhwd17XxI5f7M7EwzW2Zmr5rZn/Jdxmy0d39mtreZPWVmL5jZS2Z2UiHKmQkz+6OZrTGz\nV9o4pip+7y+Z2bB8li8b7d2bmZ0bv6eXzOwZMxua7zJmI5V/u/hxI8xss5mdlq+yBSHF382ImS2N\n50pduyd1zmX9AroCK4BBQHfgRWBIkuN2AuqBZ4HDg7h2Pl6p3B8wGHgB6Bv/vn+hyx3w/d0FXBb/\negjwdqHLncb9HQsMA15pZf/JwN/iXx8JLCl0mQO8t5HNfifHdKR7S+X+4sd0BRYA1cDphS5zwP9+\nOwPLgIHx79vNlaBq6kcAK5xz7zjnNgIPAt9Nctw04GagEUj7qW4BpXJ/lwK/d859BuCc+788lzEb\nqdzfFqBv/OudgdV5LF9WnHNPA5+2ccipwL3xY58DdjazPfJRtmy1d2/OucVbfyeB54CBeSlYQFL4\ntwMYB8wGPsp9iYKVwv2dA8xxzq2KH99urgQV6nsB7zX7flV8W5P4n7R7Oedi8U0dqdtNu/eHr6kf\nYGaLzGyxmUXzVrrspXJ/lcB5ZvYeEMP/jxQWye6/Q4Vfin4M/K3QhQiSme2Fr4DcEd/UkXIlFYOB\nXeNNn8+b2fntvaFbDgvT9MM1sy7ArcCFzfZ3pJp6Mtv/8nQD9gNKgW8AT5vZIc1qSR3N9vd3DnCP\nc+5WMzsKeAA4OP/Fygmj5e/jlkIUJFfM7HjgYuDoQpclYLcBE51zW8ws2b9jR9cdOBw4EegNLDaz\nJc65N1t7Q1ChvgofZFt9g8Q/z3fCB0Cd/7kzAHjMzMY6514IqAy51N79bT1miXNuM/COmb2BD/l/\n5KeIWUnl/i4GogDOuSVm1tPM+newZqbWbH//A4F/FqgsgYs/HL0bGOOca68po6MZDjwYz5X+wElm\nttE591hhixWY94CPnHPrgHVmVg8cBrQa6kE1vzwPDDazQWa2A3AW0PRDdc595pzbzTm3r3NuX2AJ\n0FECHdq5v7hHgeMBzKw/sD/wVl5LmblU7u9dYBSAmQ0BeoYk0MHf6wUA8b9C/uWcW1PYIgXDzPYG\nHgHOc86tKHR5guac+2azXJkN/CxEgQ7wV+BYM+tqZr3xD/KXt/WGQGrqzrlNZnYlMBf/JPoPzrnX\nzOxXwPPOuceDuE6hpHJ/zrm5ZlZmZsuAzcCEjlIrSvHf7+fA3WZ2Fb5p5sLWz1hczGwWvlmsf/yZ\nwFT8n7U45+50zv3NzE42sxXAl8BFhSttetq7N+CXwC7AzHhtdqNz7ogCFTdtKdxfh5bC7+brZlYD\nvIxvErzbOddmqGuaABGRENGIUhGREFGoi4iEiEJdRCREFOoiIiGiUBcRCRGFuohIiCjURURCRKEu\nIhIi/w8zpXaY2gtiMQAAAABJRU5ErkJggg==\n",
      "text/plain": [
       "<matplotlib.figure.Figure at 0x10b64e5d0>"
      ]
     },
     "metadata": {},
     "output_type": "display_data"
    }
   ],
   "source": [
    "plt.plot(defs.omega_dip, sampleOne, 'r-', diffFit.x, diffFit.y, 'bo')\n",
    "pylab.ylim([-5, 5])"
   ]
  },
  {
   "cell_type": "code",
   "execution_count": 101,
   "metadata": {
    "collapsed": false
   },
   "outputs": [
    {
     "data": {
      "text/plain": [
       "array([-0.09084962, -0.09085281, -0.09085919, ...,  0.        ,\n",
       "        0.        ,  0.        ])"
      ]
     },
     "execution_count": 101,
     "metadata": {},
     "output_type": "execute_result"
    }
   ],
   "source": [
    "sampleOne"
   ]
  },
  {
   "cell_type": "code",
   "execution_count": 132,
   "metadata": {
    "collapsed": true
   },
   "outputs": [],
   "source": [
    "def fitAlphas(omegaV, b1A, b1B, b1C, b1D, b1E, b1F, \\\n",
    "\t\tb3A, b3B, b3C, b3D, b3E, b3F, b3G, b3H, b3I, alpha_free):                       \n",
    "    dawsarg_1st = defs.T*(defs.delta_m[0] - omegaV)\n",
    "    dawsarg_3rd = defs.T*(defs.delta_m[1] - omegaV)\n",
    "    alpha1f = alphaOne(omegaV, b1A, b1B, b1C, b1D, b1E, b1F)\n",
    "    alpha3f = alphaThree(omegaV, b3A, b3B, b3C, b3D, b3E, b3F, b3G, b3H, b3I)          \n",
    "    real_factor = (alpha1f*np.exp(-alpha_free*defs.T*defs.T*(defs.delta_m[0]-omegaV)\\\n",
    "                    *(defs.delta_m[0]-omegaV)))\\\n",
    "                     + (alpha3f * np.exp(-alpha_free* defs.T * defs.T *\\\n",
    "                    (defs.delta_m[1]-omegaV)*(defs.delta_m[1]-omegaV)))\n",
    "    imag_factor = (alpha1f*(-2*cmath.sqrt(-1))/\\\n",
    "        (np.sqrt(np.pi))*spcl.dawsn(np.sqrt(alpha_free)*dawsarg_1st)) + \\\n",
    "            (alpha3f*((-2*cmath.sqrt(-1))/\\\n",
    "                (np.sqrt(np.pi)))*spcl.dawsn(np.sqrt(alpha_free)*dawsarg_3rd))\n",
    "    domegaV = np.gradient(omegaV)\n",
    "    phase_fit = np.arctan(np.imag(imag_factor)/np.real(real_factor))\n",
    "    \n",
    "    dphi_fit = np.gradient(phase_fit, domegaV)\n",
    "    return dphi_fit \n",
    "\n",
    "def fitAlphasNoFree(omegaV, b1A, b1B, b1C, b1D, b1E, b1F, \\\n",
    "\t\tb3A, b3B, b3C, b3D, b3E, b3F, b3G, b3H, b3I):                       \n",
    "    dawsarg_1st = defs.T*(defs.delta_m[0] - omegaV)\n",
    "    dawsarg_3rd = defs.T*(defs.delta_m[1] - omegaV)\n",
    "    alpha1f = alphaOne(omegaV, b1A, b1B, b1C, b1D, b1E, b1F)\n",
    "    alpha3f = alphaThree(omegaV, b3A, b3B, b3C, b3D, b3E, b3F, b3G, b3H, b3I)          \n",
    "    real_factor = (alpha1f*np.exp(-defs.T*defs.T*(defs.delta_m[0]-omegaV)\\\n",
    "                    *(defs.delta_m[0]-omegaV)))\\\n",
    "                     + (alpha3f * np.exp(-defs.T * defs.T *\\\n",
    "                    (defs.delta_m[1]-omegaV)*(defs.delta_m[1]-omegaV)))\n",
    "    imag_factor = (alpha1f*(-2*cmath.sqrt(-1))/\\\n",
    "        (np.sqrt(np.pi))*spcl.dawsn(dawsarg_1st)) + \\\n",
    "            (alpha3f*((-2*cmath.sqrt(-1))/\\\n",
    "                (np.sqrt(np.pi)))*spcl.dawsn(dawsarg_3rd))\n",
    "    domegaV = np.gradient(omegaV)\n",
    "    phase_fit = np.arctan(np.imag(imag_factor)/np.real(real_factor))\n",
    "    \n",
    "    dphi_fit = np.gradient(phase_fit, domegaV)\n",
    "    return dphi_fit "
   ]
  },
  {
   "cell_type": "code",
   "execution_count": 103,
   "metadata": {
    "collapsed": true
   },
   "outputs": [],
   "source": [
    "p0_test = np.array([ -9.81535485e+00,   3.13972797e-01,   4.94111384e+02,\n",
    "          4.29838499e-01,  -2.09667026e+00,   5.85035196e+00,\n",
    "          3.26147227e-01,  -3.87039586e-01,  -6.38185284e+00,\n",
    "          9.69370558e+00,   6.33642758e-02,  -1.60981140e-01,\n",
    "         -1.36624353e-01,   1.14918371e-02,  -7.19300239e-02,\n",
    "          5.58729693e-03])"
   ]
  },
  {
   "cell_type": "code",
   "execution_count": 104,
   "metadata": {
    "collapsed": false
   },
   "outputs": [
    {
     "data": {
      "text/plain": [
       "(array([ -9.81535494e+00,   3.14053010e-01,   4.94111384e+02,\n",
       "          4.30146679e-01,  -2.09667239e+00,   5.85035180e+00,\n",
       "          3.26531315e-01,  -3.86932516e-01,  -6.38185017e+00,\n",
       "          9.69371461e+00,   6.33573641e-02,  -1.60493177e-01,\n",
       "         -1.36577603e-01,   1.15083895e-02,  -7.14802190e-02,\n",
       "          6.49634984e-03]),\n",
       " array([[  1.68776632e+12,   1.94579846e+08,  -2.91183339e+13,\n",
       "          -1.55417830e+10,  -9.60821015e+10,  -1.05132686e+12,\n",
       "           2.19916269e+10,  -1.18901750e+11,   1.36578764e+12,\n",
       "           8.07456266e+10,   5.78973890e+09,  -6.48823409e+10,\n",
       "           5.95452823e+10,   2.55213368e+11,   5.85130949e+10,\n",
       "          -4.96971319e+06],\n",
       "        [  1.94579846e+08,   4.75591057e+05,  -2.60535986e+10,\n",
       "           1.15186533e+06,   1.86295947e+07,  -1.59018465e+08,\n",
       "          -1.10903817e+07,   8.65982821e+06,   1.94523125e+08,\n",
       "           9.61443527e+06,   2.08339106e+06,  -1.57135336e+07,\n",
       "           8.41386300e+06,  -2.46404382e+07,   2.42933235e+07,\n",
       "          -2.25008745e+03],\n",
       "        [ -2.91183339e+13,  -2.60535986e+10,   8.74299918e+15,\n",
       "          -1.60290193e+12,  -1.13291984e+13,   1.82533959e+13,\n",
       "           3.68379268e+12,  -3.98149697e+12,  -1.94053411e+13,\n",
       "           6.76548177e+11,  -8.91231418e+10,   2.36470572e+11,\n",
       "          -8.95277528e+11,   1.55754393e+13,  -2.88778828e+12,\n",
       "           3.15891990e+07],\n",
       "        [ -1.55417830e+10,   1.15186533e+06,  -1.60290193e+12,\n",
       "           5.84907267e+08,   3.88109162e+09,   9.93269532e+09,\n",
       "          -1.15820338e+09,   2.50346567e+09,  -1.39520646e+10,\n",
       "          -1.28015816e+09,  -6.74346205e+07,   7.53450521e+08,\n",
       "          -5.05695932e+08,  -6.97465577e+09,  -5.14082803e+07,\n",
       "           7.06234803e+04],\n",
       "        [ -9.60821015e+10,   1.86295947e+07,  -1.13291984e+13,\n",
       "           3.88109162e+09,   2.60705017e+10,   6.04467847e+10,\n",
       "          -7.75773554e+09,   1.64002502e+10,  -8.55263880e+10,\n",
       "          -8.04940401e+09,  -3.79455593e+08,   4.93777775e+09,\n",
       "          -3.37858297e+09,  -4.62769248e+10,  -1.72135394e+08,\n",
       "           4.03277881e+05],\n",
       "        [ -1.05132686e+12,  -1.59018465e+08,   1.82533959e+13,\n",
       "           9.93269532e+09,   6.04467847e+10,   6.59446418e+11,\n",
       "          -1.40937593e+10,   7.44697749e+10,  -8.57627451e+11,\n",
       "          -5.13140349e+10,  -3.79566250e+09,   3.98529743e+10,\n",
       "          -3.60225678e+10,  -1.59994455e+11,  -3.57060356e+10,\n",
       "           3.30246818e+06],\n",
       "        [  2.19916269e+10,  -1.10903817e+07,   3.68379268e+12,\n",
       "          -1.15820338e+09,  -7.75773554e+09,  -1.40937593e+10,\n",
       "           4.78030510e+09,  -8.34495707e+09,   2.37379258e+10,\n",
       "           3.34999288e+09,   1.65303948e+08,   1.78351624e+09,\n",
       "          -1.18670445e+09,   1.69160782e+10,  -4.63584187e+09,\n",
       "          -1.31563604e+05],\n",
       "        [ -1.18901750e+11,   8.65982821e+06,  -3.98149697e+12,\n",
       "           2.50346567e+09,   1.64002502e+10,   7.44697749e+10,\n",
       "          -8.34495707e+09,   1.87044614e+10,  -1.05415043e+11,\n",
       "          -9.27535666e+09,  -5.47905983e+08,   9.08490085e+08,\n",
       "          -1.56148975e+09,  -3.78543538e+10,   3.70039292e+09,\n",
       "           4.48970099e+05],\n",
       "        [  1.36578764e+12,   1.94523125e+08,  -1.94053411e+13,\n",
       "          -1.39520646e+10,  -8.55263880e+10,  -8.57627451e+11,\n",
       "           2.37379258e+10,  -1.05415043e+11,   1.13450951e+12,\n",
       "           7.34930116e+10,   5.34886556e+09,  -6.40542821e+10,\n",
       "           5.55019576e+10,   2.25980666e+11,   5.55350498e+10,\n",
       "          -4.59673782e+06],\n",
       "        [  8.07456266e+10,   9.61443527e+06,   6.76548177e+11,\n",
       "          -1.28015816e+09,  -8.04940401e+09,  -5.13140349e+10,\n",
       "           3.34999288e+09,  -9.27535666e+09,   7.34930116e+10,\n",
       "           6.46193425e+09,   4.46018085e+08,  -6.87663261e+09,\n",
       "           5.39334787e+09,   2.00694422e+10,   5.22095420e+09,\n",
       "          -3.75598077e+05],\n",
       "        [  5.78973890e+09,   2.08339106e+06,  -8.91231418e+10,\n",
       "          -6.74346205e+07,  -3.79455593e+08,  -3.79566250e+09,\n",
       "           1.65303948e+08,  -5.47905983e+08,   5.34886556e+09,\n",
       "           4.46018085e+08,   3.60592114e+07,  -4.90379141e+08,\n",
       "           3.74264806e+08,   1.11414068e+09,   4.22590515e+08,\n",
       "          -3.11495627e+04],\n",
       "        [ -6.48823409e+10,  -1.57135336e+07,   2.36470572e+11,\n",
       "           7.53450521e+08,   4.93777775e+09,   3.98529743e+10,\n",
       "           1.78351624e+09,   9.08490085e+08,  -6.40542821e+10,\n",
       "          -6.87663261e+09,  -4.90379141e+08,   2.90299370e+10,\n",
       "          -2.05046417e+10,  -1.54745351e+10,  -3.03105488e+10,\n",
       "           4.33631786e+05],\n",
       "        [  5.95452823e+10,   8.41386300e+06,  -8.95277528e+11,\n",
       "          -5.05695932e+08,  -3.37858297e+09,  -3.60225678e+10,\n",
       "          -1.18670445e+09,  -1.56148975e+09,   5.55019576e+10,\n",
       "           5.39334787e+09,   3.74264806e+08,  -2.05046417e+10,\n",
       "           1.49749232e+10,   1.00522052e+10,   2.14968707e+10,\n",
       "          -3.17766075e+05],\n",
       "        [  2.55213368e+11,  -2.46404382e+07,   1.55754393e+13,\n",
       "          -6.97465577e+09,  -4.62769248e+10,  -1.59994455e+11,\n",
       "           1.69160782e+10,  -3.78543538e+10,   2.25980666e+11,\n",
       "           2.00694422e+10,   1.11414068e+09,  -1.54745351e+10,\n",
       "           1.00522052e+10,   1.09162113e+11,   5.28307931e+09,\n",
       "          -1.01779815e+06],\n",
       "        [  5.85130949e+10,   2.42933235e+07,  -2.88778828e+12,\n",
       "          -5.14082803e+07,  -1.72135394e+08,  -3.57060356e+10,\n",
       "          -4.63584187e+09,   3.70039292e+09,   5.55350498e+10,\n",
       "           5.22095420e+09,   4.22590515e+08,  -3.03105488e+10,\n",
       "           2.14968707e+10,   5.28307931e+09,   3.33527065e+10,\n",
       "          -3.78573336e+05],\n",
       "        [ -4.96971319e+06,  -2.25008745e+03,   3.15891990e+07,\n",
       "           7.06234803e+04,   4.03277881e+05,   3.30246818e+06,\n",
       "          -1.31563604e+05,   4.48970099e+05,  -4.59673782e+06,\n",
       "          -3.75598077e+05,  -3.11495627e+04,   4.33631786e+05,\n",
       "          -3.17766075e+05,  -1.01779815e+06,  -3.78573336e+05,\n",
       "           2.84930658e+01]]))"
      ]
     },
     "execution_count": 104,
     "metadata": {},
     "output_type": "execute_result"
    }
   ],
   "source": [
    "Path = '/Users/cgoldsmith/Desktop/text_files_data'\n",
    "os.chdir(Path)\n",
    "data = np.loadtxt('TDSE_3fs.txt')\n",
    "x = data[:, 0]\n",
    "y = data[:, 4]\n",
    "sopt.curve_fit(fitAlphas, x, y,\\\n",
    "p0 = p0_test, bounds=(-20,700), max_nfev=10000, check_finite=False)"
   ]
  },
  {
   "cell_type": "code",
   "execution_count": 111,
   "metadata": {
    "collapsed": false
   },
   "outputs": [
    {
     "data": {
      "text/plain": [
       "(-5, 5)"
      ]
     },
     "execution_count": 111,
     "metadata": {},
     "output_type": "execute_result"
    },
    {
     "data": {
