{
 "cells": [
  {
   "cell_type": "code",
   "execution_count": 96,
   "metadata": {
    "collapsed": true
   },
   "outputs": [],
   "source": [
    "import numpy as np\n",
    "import definitionsFits as defs\n",
    "import matplotlib.pyplot as plt\n",
    "import cmath\n",
    "import os\n",
    "import scipy.special as spcl\n",
    "import pylab\n",
    "import differentFitting as diffFit\n",
    "import scipy.optimize as sopt\n",
    "\n",
    "%matplotlib inline\n",
    "\n",
    "def alphaOne(omega, bA, bB, bC, bD, bE, bF):\n",
    "    termOne = bA / (omega - bB)\n",
    "    termTwo = bC * np.exp(-bD * np.power(omega - bE, 2.0))\n",
    "    return termOne + termTwo + bF\n",
    "\n",
    "def alphaThree(omega, bA, bB, bC, bD, bE, bF, bG, bH, bI):\n",
    "    termOne = bA / (omega - bB)\n",
    "    termTwo = bC * np.exp(-bD * np.power(omega - bE, 2.0))\n",
    "    termThree = bF * np.exp(-bG * np.power(omega - bH, 2.0))\n",
    "    return termOne + termTwo + termThree + bI"
   ]
  },
  {
   "cell_type": "code",
   "execution_count": 97,
   "metadata": {
    "collapsed": false
   },
   "outputs": [
    {
     "data": {
      "text/plain": [
       "(-1, 1)"
      ]
     },
     "execution_count": 97,
     "metadata": {},
     "output_type": "execute_result"
    },
    {
     "data": {
      "image/png": "iVBORw0KGgoAAAANSUhEUgAAAX4AAAEACAYAAAC08h1NAAAABHNCSVQICAgIfAhkiAAAAAlwSFlz\nAAALEgAACxIB0t1+/AAAHDpJREFUeJzt3Xt0VOW9//H3l5AAASQBFC14F6kW6an3eqnR2iPqAavY\nKlitWq2X+mtXtV1aWyveTmvPWurpcqn11qX+BG0rICCW1h9GvGFFlIICiqIStJQECEoSMkm+vz+e\nIYZkgCRz2TPZn9daezGT2Zn93ST5PHs/+3n2mLsjIiLx0SvqAkREJLcU/CIiMaPgFxGJGQW/iEjM\nKPhFRGJGwS8iEjNpB7+ZPWxma81syQ7W+b2ZvWdmi83sa+luU0REui8TR/x/BMZu70UzOw04wN1H\nAj8E7s3ANkVEpJvSDn53fxHYsINVxgOPJNd9DSgzs2HpbldERLonF338w4HVbZ5XASNysF0REUkh\nF8FvyaWtlhxsV0REUuidg21UAXu2eT4C+KT9SmammwaJiHSDu7c/uN6hXBzxzwQuADCzo4GN7r42\n1Yru3mOXG2+8MfIatG/aP+1fz1u6I+0jfjObCpwADDWz1cCNQHEyyP/g7nPM7DQzWwlsBi5Kd5si\nItJ9aQe/u0/sxDpXpbsdERHJDM3czZGKioqoS8ianrxvoP0rdD19/7rDuttHlGlm5vlSi4hIoTAz\nPA8v7oqISB5R8IuIxIyCX0QkZhT8IiIxo+AXEYkZBb+ISMwo+EVEYkbBLyISMwp+EZGYUfCLiMSM\ngl9EJGYU/CIiMaPgFxGJGQW/iEjMKPhFRGJGwS8iEjMKfhGRmFHwi4jEjIJfRCRmFPwiIjGj4BcR\niRkFv4hIzCj4RURiRsEvIhIzCn4RkZhR8IuIxIyCX0QkZhT8IiIxo+AXEYkZBb+ISMwo+EVEYkbB\nLyISMwp+EZGYUfCLiMSMgl9EJGYU/CIiMaPgFxGJGQW/iEjMKPhFRGJGwS8iEjMKfhGRmFHwi4jE\njIJfRCRmFPwiIjGj4BcRiZm0g9/MxprZcjN7z8yuTfH6hWa2zszeTC4Xp7tNERHpvt7pfLOZFQF3\nAycDa4DXzWymuy9rs5oDU939x+lsS0REMiPdI/4jgZXu/qG7J4AngDParWPJRURE8kC6wT8cWN3m\neVXya205MMHMFpvZn81sRJrbFBGRNKTV1bMd3u75LGCKuyfM7DLgEeCbqb5x8uTJrY8rKiqoqKjI\nQnkiIoWrsrKSysrKtN7D3NvndBe+2exoYLK7j00+/wXQ4u63b2f9IqDG3ctSvObp1CIiEkdmhrt3\nqTs93a6ehcBIM9vHzEqAc4CZ7Yravc3T8cA7aW5TRETSkFZXj7s3mdlVwFygCHjI3ZeZ2U3AQnef\nBfzYzMYDTUANcGGaNYuISBrS6urJJHX1iIh0XRRdPSIiUmAU/CIiMaPgFxGJGQW/iEjMKPhFRGJG\nwS8iEjMKfhGRmFHwi4jEjIJfRCRmFPwiIjGj4BcRiRkFv4hIzCj4RURiRsEvIhIzCn4RkZhR8IuI\nxIyCX0QkZhT8IiIxo+AXEYkZBb+ISMwo+EVEYkbBLyISMwp+EZGYUfCLiMSMgl9EJGYU/CIiMaPg\nFxGJGQW/iEjMKPhFRGJGwS8iEjMKfhGRmFHwi4jEjIJfRCRmFPwiIjGj4BcRiRkFv4hIzCj4RURi\nRsEvIhIzCn4RkZhR8IuIxIyCX0QkZhT8IiIxo+AXEYkZBb+ISMwo+EVEYkbBLyISMwp+EZGYSTv4\nzWysmS03s/fM7NoUr/cxsyeTry8ws73T3aaIiHRfWsFvZkXA3cBY4GBgopkd1G61HwA17j4SuBO4\nPZ1tiohIetI94j8SWOnuH7p7AngCOKPdOuOBR5KPnwK+meY2RUQkDb3T/P7hwOo2z6uAo7a3jrs3\nmVmtmQ129/VpblvyjLuzObGZukRdh6WxuRF3x/HWf1u8BYDiXsX06d2HkqISSopK6FMUHvfp3Yc+\nRX0YUDKA0uJSzCziPRTpGdIN/lS83fNUf63t1wFg8uTJrY8rKiqoqKjIWFGSntqGWj7c+GHr8lHt\nR6z5bA3VddWs27yO6rpqquuq6d2rN/1L+lNaXLrNUlJUgmGYGYbRy3q1BnmiOUFjc2PrsqV5S+vj\n+kQ9mxObaWhqoH9xfwb2GciAkgEMKBnAwJLweGCfgexSsgvl/coZ3G8w5X3LKe9X3uHfXfrsQi/T\neAYpbJWVlVRWVqb1HuaeMoM7981mRwOT3X1s8vkvgBZ3v73NOn9NrrPAzHoDn7r7riney9OpRTKj\nuaWZt9e9zRufvMHSfy9l6bqlLP33UjZt2cS+Zfuyd9ne7DNoH/Yp24fhuwxn19JdGVo6lKGlQxlS\nOoS+vftmra7PGz/n88bP+azxs/Dvls9an9c21LKhYQMb6jewvn59eJx8vvXfukQdg/oOam0IBvcb\nHGrvN7R1H7Yuu/YP+zWk3xCKi4qzsk8imWBmuHuXTofTDf7ewApCv/0nwD+Aie6+rM06VwKHuPsV\nZnYu8G13PzfFeyn4I5BoTvBq1avMWzWPV1a/wmtrXmP3AbtzxJeO4JDdDmH0bqMZvdto9hq0V8F3\ntSSaE2xs2NjaENTU11BTV9N6tlJdV011ffU2z9fXr6d/cf8ODcOOlvK+5RT1Kop6dyUmch78yY2e\nCtwFFAEPuftvzOwmYKG7zzKzPsBjwNeAGuBcd/8wxfso+HOkuq6ap5c/zZyVc5i3ah77l+/Pyfud\nzLF7HsvRI45m1/4dTshiq8VbqG2o3bZxaL+0ayxqG2op61u27RlEmzOjVMsufXYp+IZVohFJ8GeK\ngj+7Nm3ZxIzlM5i6dCqvrn6VUw44hdNHns4p+5/CsAHDoi6vR2lqaWJ9/fqOZxNtGoq210Wq66pp\naGpgSOmQTjUSW5fS4tKod1XygIJfOvjn2n9yz+v38OTbT3LcXscxafQkxo0ax4CSAVGXJm1sadpC\nTf12Goq6atbVbdtQrNu8jl7Wa5vrEdu7XtH2GkxJUUnUuyoZpuAXIAyrnPPeHG5/+XY+2PABlx12\nGZccegl7DNwj6tIkQ9ydukRdpxqJrUtNfQ2lxaWdPqPQ9YrCoOCPuRZv4enlT3Pri7fS1NLE9cdd\nz4SDJ9C7VzZG7UqhcXdqt3S8XrFNt1OK6xXl/cq3bRD6hbOHIf2GMKR0CIP7DW59PKRfeK6RULmj\n4I+xlz5+iZ/O/Skt3sKvv/Frxo0apzHrkramliY21G/ocEZRU1cTRkUlR0bV1Ne0XtfY0LCB0uLS\nDg3C1kahbaPR9muD+gzSBe5uUPDH0IcbP+Tnf/85r1W9xm9P/i3njj5XgS+RavEWNm3ZRE1dsjFo\n0zhs87V2X69vqqe8b3mHBmFro5Hq7CKbc0cKhYI/Rppbmrn7H3dzy/xb+MlRP+GaY67RKA8paInm\nRIeGYutZRIevtXleZEUdziJ2dnbRk65dKPhjYtm6ZVw882KKexXz4PgHOXDIgVGXJBKJrfeH2m4D\nsZ0uqdqGWnbps0vqs4g2DcTW1wb3G8zgfoPzcr6Fgr+Hc3ceevMhrnvuOm4+8WYuP/xydeuIdENz\nSzMbGzZ27H5q0zhs/drWBmR9/fptuqPaNgrtG4v2X+tf3D9rDYaCvwfbtGUTl82+jKX/XsqTZz/J\nwbseHHVJIrHT2NzYeruPtg3CNo1Eu9dq6mtoamnq2CC0OZPo0JAkn3em+1bB30OtXL+ScVPHcfxe\nx/O/Y/+XfsX9oi5JRLqgoamhtYFo3yi0Pm9Y3+Hsw8xaG4Tzx5zPz4/9eYf3VvD3QPNWzWPiUxO5\nqeImLj/88qjLEZEcqk/UtzYOA0oGsF/5fh3WUfD3MA+/+TDX/7/rmTJhCifte1LU5YhIHupO8GtK\nZ576n5f/h3sW3sP8i+Zr1I6IZJSCP8+4O7+c90umL5/Oixe9yIhdRkRdkoj0MAr+POLuXD33auZ/\nPJ/5F87XffFFJCsU/HnkV/N+ReVHlcy7YB7l/cqjLkdEeigFf564bf5tzFgxgxcufEGhLyJZpeDP\nA/e8fg+PLH6EFy58gaGlQ6MuR0R6OAV/xGa/O5tb59/KSxe/pA9KEZGcUPBHaNGni7jo6YuYPXF2\nyokZIiLZoDt8RWTNpjWMnzqe+06/j6NGHBV1OSISIwr+CDQ2N3L2n8/myiOuZMLBE6IuR0RiRrds\niMBVc66ialMV086Zptsqi0hadMuGAvDY4seY+/5cFl66UKEvIpFQ8OfQsnXLuPpvVzPvgnkM6jso\n6nJEJKZ0yJkjW5q2MGnaJG476TYOGXZI1OWISIwp+HPkhudvYO9Be3PpoZdGXYqIxJy6enJg3qp5\nPL7kcd667K28+6BmEYkfHfFnWW1DLRfOuJCHxz+su22KSF7QcM4su2L2FTR7M/ePuz/qUkSkB9Jw\nzjwz/6P5zHp3FkuvXBp1KSIirdTVkyUNTQ1cOutS7j7tbsr6lkVdjohIKwV/ltzywi2MGTaGb3/5\n21GXIiKyDXX1ZMGK6hX84Y0/sOSKJVGXIiLSgY74M8zd+clff8L1x1+v++uLSF5S8GfYrHdn8VHt\nR1x15FVRlyIikpK6ejKooamBn879Kfedfh8lRSVRlyMikpKO+DPojlfvYMywMXxr/29FXYqIyHbp\niD+Dhg8czsT/nBh1GSIiO6SZuyIiBaw7M3fV1SMiEjMKfhGRPOcOdXWZez8Fv4hIHnvrLfjmN+GG\nGzL3ngp+EZE89Omn8IMfwNix8N3vwu23Z+69NapHYqG5Gf71L1i9GtauDafNDQ3Q1ASlpdC/Pwwc\nCMOHw4gRMGBA1BVLXNXVwR13wF13heBfsQIGZfgjuhX80iP9618wdy689BIsWgTvvAPl5SHU99gj\nhH3fvlBUFP7QNm+G2lr45JPQOPTtCwceCKNHwyGHhOXII0PjIJINzc0wZQr88pdw9NHw+uuw777Z\n2ZaGc0qPsW5d+MN57DF4//3QL3riiXDooTBmTDiq7wx3qKkJR1pLl8KSJaGf9a23YORIOOYYOPZY\nOPlk2G237O6T9HzuMHNmCPxBg0KXznHHdf77uzOcs9vBb2aDgSeBvYEPge+6+8YU6zUD/0w+/cjd\nU96nWMEv3bVsGfzmN+GPZ9w4+P734YQToLg4s9tpbIQ334RXXoH58+H552G//eCUU8JyzDFQojt1\nSBc8/zz84hdQXw///d9w2mnQ1Y/lznXw/w6odvffmdm1QLm7X5divc/cfacnyAp+6aqPPoJrrw1/\nPD/+MfzoR1CWw8+8SSTgtddCl9LcubByJZx6Kpx1Vrgg19kzDImfhQvh+uvhgw/g5pvh3HOhVzeH\n2uQ6+JcDJ7j7WjPbHah09y+nWE/BLxnV2Ai/+x3ceWcI/GuuyY+LsZ9+Ck8/DdOmwYIFcNJJcOaZ\nMH58uL4gsmAB3HILLF4Mv/pVuHib7plproN/g7uXt3m+3t0Hp1gvAbwFNAG/dfent/N+Cn7ZqRUr\n4LzzQt/6PffAPvtEXVFqGzbA7NmhEZg3L1xrmDQJ/uu/woVliZf580Pgv/ceXHcdXHQR9OmTmffO\n+Ietm9nfgd1TvPTLLmxjT3f/l5ntC8wzsyXu/kGqFSdPntz6uKKigoqKii5sRnq6qVPDEf7NN8Pl\nl3e9LzSXysvh/PPDUlsL06fDgw/CD38Ywn/SJPjWtzJ/HULyh3to9G+5BaqqQl/++eenfx2osrKS\nysrKtN4j3a6eimSo7wE8n6qrp933/BGY7e5PpXhNR/ySUksL/PrX8PjjoStlzJioK+q+tWvhT38K\njdh778HZZ8PEiWEUR3f7eCW/JBLhZ3zHHWGo8PXXh59x7ywNno/i4m6Nu99uZtcBZe0v7ppZGVDv\n7lvMbCjwCjDe3ZeneD8Fv3SQSMCFF4YLudOnw667Rl1R5qxaBU88EYagbtwYwmHiRPiP/8jvsxlJ\nrbYW7r8ffv/7MOz36qvDKJ1sN+hRDOf8E7AX8BHwHXffaGaHAZe7+6VmdgxwH9BCuD3Ene7+x+28\nn4JfttHYGEY7NDTAU09Bv35RV5Q9S5aEs4CpU8PksUmTQiNwwAFRVyY78+67cO+98OijYVTX1VeH\nuSO5ktPgzzQFv7SVSMCECWFm7RNPZO5CWL5zDyM/pkwJ3QV77x0agXPOCTOOJT8kEqHb8b77QqN9\n8cVhOPGIEbmvRcEvPYI7XHJJuH3CzJnxvQDa1BQuDk6ZEkLmsMNCI3DWWbmdryBf+PjjcJH+wQdD\nd84VV4Qhu1EemCj4pUe44YYwIWrevPwYn58P6uthzpzQCDz3XJgjMGkSnH66hodm2+efh2G5jz4a\nZm6fdx5cdhl85StRVxYo+KXgTZ0aJrYsWNCzLuRm0saN4UL3lCnwj3+EewZ9+9thmKgmimVGc3OY\nEf7oo+Gs8xvfgAsuCP/HfftGXd22FPxS0JYsCUeyzz0HX/1q1NUUhurqMFFs+vQQVEceGboezjgj\nmv7mQpZIhP/Dp56CGTNgzz1D2J97bn7fjE/BLwWrthYOPxxuvBG+972oqylMmzeHLrIZM+CZZ8It\nfceODctRR8X3WsmOfP556FKcPh1mzQqjqCZMCMt++0VdXeco+KVgnX9+6M+/996oK+kZEgl4+eUv\nbiD3wQfhbGrrnUTz9VYX2eYePpvhr3+FZ58NN9k74ohwhnTWWeEov9Ao+KUg/eUvYXbjm2/qjpbZ\nsnYt/O1voRH4+99DP/Xxx3+xHHRQz5w05h7G2b/4YrhfTmVl2M9TTw3LSScV/ofrKPil4Hz6aZip\nOnNm6I6Q7GsbhluXTZvC5wkcfniYfHTYYYU5b2DjxnAAsWgRvPpq2Letjdw3vhGWUaN6ViOn4JeC\nM2FCONq89daoK4m3qqoQlIsWwRtvhKWkJDQAo0fDl78cllGj8mPkUENDuNfRihVhWbw41L52bRgY\ncOih4UL38ceHSXA9mYJfCsqcOeFum0uX5t8QubhzD5OV3ngj9ImvWAHLl4eltBT23z/0h29dRowI\nH1Q/eHBYysq6d1My93DBdcMGWL8+TOKrqoI1a8KyenUI/E8+CRevR40Ky5gxIewPPDDM9o4TBb8U\njLq6cCR5773hYqMUBvcQwKtWhRCuqgr/rl4dwnjDhrBs3BgaiLKy0KiXlHyx9O4dZiUnEl8sW7aE\nkV21teGeTGVl4cziS18KjcrWhmXEiDDyZt99s3e3y0Kj4JeCccMN4SjyT3+KuhLJhpYW+Oyz0AA0\nNoZgb2wMSyIRQru4+IulpCSE/aBBGnbaVQp+KQhVVaEf9q23CnP4nEg+UfBLQbj4Yhg2DH7zm6gr\nESl8Gf/oRZFMW7IkzCp9992oKxGJL33Ym+TUddeFzx4dNCjqSkTiS0f8kjMLFoShm9OmRV2JSLzp\niF9y5tZb4dpr4/NpWiL5Shd3JScWLYJx4+D99zVZSySTunNxV0f8khO33QY/+5lCXyQf6Ihfsu6d\nd+DEE8OtgXX3TZHM0hG/5KW77oIf/UihL5IvdMQvWVVdDSNHhpt7DRsWdTUiPY+O+CXvPPBA+CBw\nhb5I/tARv2RNIhHuojh7dviwFRHJPB3xS1556qnQzaPQF8kvCn7JmvvugyuvjLoKEWlPXT2SFe++\nGz72bvXqcK91EckOdfVI3nj4YbjgAoW+SD7SEb9kXCIRPmClsjJ8QLeIZI+O+CUvzJ4dLuoq9EXy\nk4JfMu7BB+GSS6KuQkS2R109klH//jcceCCsWaNbNIjkgrp6JHJ//jOcfrpCXySfKfglox5/HM47\nL+oqRGRH1NUjGfPBB3DUUfDJJ1BcHHU1IvGgrh6J1BNPwHe+o9AXyXcKfskId3XziBQKBb9kxNtv\nw2efwde/HnUlIrIzCn7JiOnT4ayzoJd+o0Tynv5MJSOmTYMzz4y6ChHpDAW/pG3VqjBh67jjoq5E\nRDpDwS9pmzEDxo+HoqKoKxGRzlDwS9qmTQv9+yJSGDSBS9Kydi2MGhX+7dMn6mpE4kcTuCTnZs6E\nsWMV+iKFpNvBb2bfMbO3zazZzA7dwXpjzWy5mb1nZtd2d3uSn555BsaNi7oKEemKdI74lwBnAvO3\nt4KZFQF3A2OBg4GJZnZQGtssWJWVlVGXkHFbtsDzz8OAAZVRl5JVPfFn15b2L366Hfzuvtzd393J\nakcCK939Q3dPAE8AZ3R3m4WsJ/7yvfQSHHQQvPlmZdSlZFVP/Nm1pf2Ln2z38Q8HVrd5XpX8mvQA\nzz4Lp50WdRUi0lU7DH4z+7uZLUmxpNOrq6E7PcScOXDqqVFXISJdlfZwTjN7HrjG3ReleO1oYLK7\nj00+/wXQ4u63p1hXDYKISDd0dThn7wxtd3sbXQiMNLN9gE+Ac4CJqVbsauEiItI96QznPNPMVgNH\nA8+Y2bPJr3/JzJ4BcPcm4CpgLvAO8KS7L0u/bBER6a68mbkrIiK5kdOZu52dzGVmZ5tZy44mhuWj\nzuyfmX03OfFtqZk9nusa07Gz/TOzvczseTNbZGaLzaxgLv2a2cNmttbMluxgnd8n932xmX0tl/Wl\na2f7Z2bnJfdrsZm9bGZjcl1jOjrz80uud0Ry0mnB3F2qk7+bFWb2ZjJXKnf6pu6ekwUoAlYC+wDF\nwFvAQSnWG0iYFPYKcGiu6svF/gEjgUXAoOTzoVHXneH9ux+4LPn4IGBV1HV3Yf+OB74GLNnO66cB\nc5KPjwIWRF1zhvfv621+L8f2tP1LrlMEzANmAxOirjmDP7sy4G1gRPL5TnMll0f8nZ3MdQtwO7CF\n7V80zked2b9LgbvdvRbA3atzXGM6OrN/LcCg5OMyYE0O60uLu78IbNjBKuOBR5LrvgaUmdmwXNSW\nCTvbP3d/devvJfAaMCInhWVIJ35+AP8H+AuwLvsVZU4n9m0S8JS7VyXX32mu5DL4dzqZK3n6PNzd\nn0l+qZAuQHRmstpIYJSZvWRmr5rZKTmrLn2d2b/JwPeSF/2fIfyh9RSp9r+gwrELfgDMibqITDKz\n4YQDlfuSXyqkbNmZkcDgZDfrQjM7f2ffkKnhnN3V+p9vZr2AO4Hvt3m9kI74U2n/y9UbOAA4AdgT\neNHMRrc50io07fdvEvBHd78zOYfj/wJfyX1ZWWF0/H1siaKQbDKzE4GLgWOjriXD7gKuc/cWM0v1\nsyxkxcChwDeBUuBVM1vg7u9t7xtyGfxVhLDbak+27QoYSAiJyvBzYXdgppmN8xSTw/LQzvZv6zoL\n3L0Z+NDMVhAagjdyU2JaOrN/FwOnALj7AjPra2ZDC6xLa3va7/8IwtyUHiN5QfcBYKy776zbpNAc\nBjyRzJahwKlmlnD3mdGWlRGrgXXuXg/Um9l84KvAdoM/l109rZO5zKyEMJmr9T/d3WvdfVd339fd\n9wUWAIUS+rCT/UuaAZwIYGZDgQOBD3JaZfd1Zv8+Bk4GSN6FtW8PCX0I+3oBtM5I3+jua6MtKXPM\nbC9gGvA9d18ZdT2Z5u77tcmWvwBX9JDQB3gaON7MisyslDD44J0dfUPOjvjdvcnMtk7mKgIecvdl\nZnYTsNDdZ+WqlmzozP65+1wz+08zextoBn5WKEdWnfz5XQM8YGY/JXQDfX/775hfzGwqoQtuaPIa\nxY2EU2jc/Q/uPsfMTjOzlcBm4KLoqu26ne0f8GugHLg3eVSccPcjIyq3yzqxfwWrE7+by83sr8A/\nCd2PD7j7DoNfE7hERGJGH70oIhIzCn4RkZhR8IuIxIyCX0QkZhT8IiIxo+AXEYkZBb+ISMwo+EVE\nYub/A9ZW1T+qK/kBAAAAAElFTkSuQmCC\n",
      "text/plain": [
       "<matplotlib.figure.Figure at 0x1091c2710>"
      ]
     },
     "metadata": {},
     "output_type": "display_data"
    }
   ],
   "source": [
    "plt.plot(defs.omega_dip, alphaOne(defs.omega_dip,-9.81535556e+00,   3.13975075e-01,   4.94111384e+02,\n",
    "          4.29958163e-01,  -2.09667678e+00,   5.85035181e+00), defs.omega_dip, alphaThree(defs.omega_dip,\\\n",
    "          3.26519717e-01,  -3.86939149e-01,  -6.38185123e+00,\n",
    "          9.69371148e+00,   6.33599497e-02,  -1.60485987e-01,\n",
    "         -1.36571022e-01,   1.15095946e-02,  -7.14781666e-02\n",
    "          ))\n",
    "pylab.ylim([-1, 1])"
   ]
  },
  {
   "cell_type": "code",
   "execution_count": 98,
   "metadata": {
    "collapsed": true
   },
   "outputs": [],
   "source": [
    "def presetAlphas(omegaV, alpha_free):\n",
    "                       \n",
    "    dawsarg_1st = defs.T*(defs.delta_m[0] - omegaV)\n",
    "    dawsarg_3rd = defs.T*(defs.delta_m[1] - omegaV)\n",
    "    alpha1f = alphaOne(defs.omega_dip,-9.81535556e+00,   3.13975075e-01,   4.94111384e+02,\n",
    "          4.29958163e-01,  -2.09667678e+00,   5.85035181e+00)\n",
    "    alpha3f = alphaThree(defs.omega_dip,\\\n",
    "          3.26519717e-01,  -3.86939149e-01,  -6.38185123e+00,\n",
    "          9.69371148e+00,   6.33599497e-02,  -1.60485987e-01,\n",
    "         -1.36571022e-01,   1.15095946e-02,  -7.15781666e-02)\n",
    "          \n",
    "    #     alpha1f = fit_dipoles(omegaV, m_1, b_1)\n",
    "#     alpha3f = fit_dipoles3(omegaV, m_3, b_3)\n",
    "    real_factor = (alpha1f*np.exp(-alpha_free*defs.T*defs.T*(defs.delta_m[0]-omegaV)\\\n",
    "                    *(defs.delta_m[0]-omegaV)))\\\n",
    "                     + (alpha3f * np.exp(-alpha_free* defs.T * defs.T *\\\n",
    "                    (defs.delta_m[1]-omegaV)*(defs.delta_m[1]-omegaV)))\n",
    "    imag_factor = (alpha1f*(-2*cmath.sqrt(-1))/\\\n",
    "        (np.sqrt(np.pi))*spcl.dawsn(np.sqrt(alpha_free)*dawsarg_1st)) + \\\n",
    "            (alpha3f*((-2*cmath.sqrt(-1))/\\\n",
    "                (np.sqrt(np.pi)))*spcl.dawsn(np.sqrt(alpha_free)*dawsarg_3rd))\n",
    "    domegaV = np.gradient(omegaV)\n",
    "    phase_fit = np.arctan(np.imag(imag_factor)/np.real(real_factor))\n",
    "    \n",
    "    dphi_fit = np.gradient(phase_fit, domegaV)\n",
    "    return dphi_fit  \n"
   ]
  },
  {
   "cell_type": "code",
   "execution_count": 99,
   "metadata": {
    "collapsed": false
   },
   "outputs": [],
   "source": [
    "sampleOne = presetAlphas(defs.omega_dip, 5.62392912e-03)"
   ]
  },
  {
   "cell_type": "code",
   "execution_count": 100,
   "metadata": {
    "collapsed": false
   },
   "outputs": [
    {
     "data": {
      "text/plain": [
       "(-10, 10)"
      ]
     },
     "execution_count": 100,
     "metadata": {},
     "output_type": "execute_result"
    },
    {
     "data": {
      "image/png": "iVBORw0KGgoAAAANSUhEUgAAAXsAAAEACAYAAABS29YJAAAABHNCSVQICAgIfAhkiAAAAAlwSFlz\nAAALEgAACxIB0t1+/AAAGS5JREFUeJzt3X18lOWd7/HvD5AE6hMWEUStGq1V8GFpa9GtklpJ0NnV\no1vr1rVStbb21MDr6LE+AIJbabVWxFCrW4vd3aOVdu3qIlGEtYbUo4jWHosVVpiV+lTQKsKrSCKB\n3/njHmImmUkmM3PPTHJ93q/XvMjcj9c1Cd+557qv6xpzdwEABrZB5S4AACB+hD0ABICwB4AAEPYA\nEADCHgACQNgDQAAKDnszu9fMNpnZ6k7L9jOz5Wb2ipktM7N9Cz0PACB/xbiy/5mkKV2WXStpubt/\nUtITqecAgDKxYgyqMrNDJT3i7semnq+VNMndN5nZaEnN7v6pgk8EAMhLXG32B7j7Jkly942SRsV0\nHgBADrhBCwABGBLTcTeZ2Wh332hmYyS93XUDM2NSHgDIg7tbX/eJ68p+saSpqZ+nSno400buPmAf\ns2fPLnsZqB/1C7F+A7lu7vlfIxej6+UDkp6WdJSZvW5mF0u6WdJkM3tF0hdTzwEAZVJwM467fyXL\nqtMLPTYAoDi4QRuT2trachchVtSvfxvI9RvIdStEUfrZ53ViMy/XuQGgvzIzeQXdoAUAVBDCHgAC\nQNgDQAAIewAIAGEPAAEg7AEgAIQ9AASAsAeAABD2ABAAwh4AAkDYA0AACHsACABhDwABIOwBIACE\nPQAEgLAHgAAQ9gAQAMIeAAJA2ANAAAh7AAgAYQ8AASDsASAAhD0ABICwB4AAEPYAEADCHgACQNgD\nQAAIewAIAGEPAAEg7AEgAIQ9AASAsAeAABD2ABAAwh4AAkDYA0AACHsACABhDwABIOwBIACEPQAE\ngLAHgAAQ9gAQAMIeAAJA2ANAAAh7AAgAYQ8AARgS58HNbIOkrZJ2Strh7ifGeT4AQGaxhr0kl1Tr\n7u/FfB4AQA9K0YxjJTgHAKAHcYe9S1pmZs+b2WUxnwsAkEXczTgnu/tGM9tf0nIzW+vuv9m9cs6c\nOR0b1tbWqra2NubiAED/0tzcrObm5oKPY+5eeGlyOZHZbEl/cffbUs+9VOcGgIHCzOTufW4ej60Z\nx8yGm9leqZ8/JqlO0uq4zgcAyC7OZpwDJD1kZrvPc7+7L4vxfACALErWjNPtxDTjAECfVVwzDgCg\nchD2ABAAwh4AAkDYA0AACHsACABhDwABIOwBIACEPQAEgLAHgAAQ9gAQAMIeAAJA2ANAAAh7AAgA\nYQ8AASDsASAAhD0ABICwB4AAEPYAEADCHgACQNgDQACGlLsA6F+amlrU2LhMbW1DVFXVrmnT6pRI\nnFruYgHoBWGPnDU1tWj69MeVTM7tWJZMzpAkAh+ocDTjIGeNjcvSgl6Sksm5WrBgeZlKBCBXhD1y\n1taW+YNga+vgEpcEQF8R9shZVVV7xuXV1TtLXBIAfUXYo1dNTS2qr5+pN998R8OGXZ62rqbmejU0\nTC5TyQDkyty9PCc283KdG7nrflO2RcOG3amamjEaO3YvTZw4Rs888xa9c4ASMTO5u/V1P3rjoEfd\nb8qequ3bT9XYsbPU0DCZ3jlAP0EzDnrU001ZeucA/Qdhjx71dFOW3jlA/0HYo0fTptWppmZG2rKa\noReq4fXlqnrrlYz70DsHqDy02aNHicSp0tatWjDtTLVuk6oPH6WGb3xRiaOnSnMblfzvf1By5/0d\n20e9c6aUscQAMqE3DrpJm/9G2zQt2aTEl+qlW26Rhg5N3/aGW7Xg5ofUesyJ2jroL5KGau+9R9Ez\nB4gJvXFQFBnnvxnxF+n0c5ToEvSSlPjHq5U45QQ1nXeJpu/zFSVf+8FH+9EzB6gYtNkjTcYeNpvv\n6rmHzeTJahw9KS3oJXrmAJWEsEeafHvYtB1Qk9d+AEqDsEeafOe/qcqynp45QGUg7JFm2re/qJqq\ni9KW5TL/TXoXzRZJM1VdfZHefvtdNTW1xFNYADnjBi3SJN77o3TYWi34xEy1tg5RdfVONTRM6fUm\n6+71s66/WGt+72rVP6u1Vfrd76Tp0yv4Rq27tGNHt15GwEBD10t8ZPt26aijpEWLpJNPzusQ9fUz\ntWzZTRmWz9LSpd8ttISFa2+XFi+WfvEL6dlnpddekwYNkoYPl444QjrpJKmuTpoyRaqqKndpgW7y\n7XpJMw4kpaYxPuHrqv3gRNXf+GjeTS8VPYXC0qXSscdKt90mnX66tHx5dFW/Y4ea7lmk+qEnq3Zp\nq+q/dqeaPn6o9I1vSC+9VO5SA0VBMw6ivvUNjyr5amok7LL8+8hX5Bec7Nwpfec70oMPSnffraad\nw9W4YLna7r9fVVXtOumkA3XffW8qmfyRovsNy9RSdYCOXvJnfffBhBITjpSuvFI64wzJ+nxB1SO+\nwB0l4+5leUSnRiWoq5vhUeN1+qO+fmafj7VkyQqvqbk+7Tg1Ndf5kiUrYih5Dtra3M87z/2009zf\ney9j+YYN+3Lq5xUudSn74df5kitnux93nPv48e7/+q/uH37Y7TRLlqzwuroZPmnSbK+rm5FTfTO/\nVteX77VCv5DKzr5nbj47FeNB2FeOSROvzRj2kybNzut4S5as8Pr6mT5pv3O9ftzU8oXXzp3u55/v\nftZZ7tu3u3u2N7bZqX97eNPbtct96VL3L3zB/eCD3efNc9+6taO+PYV2tjeCYr7JIhz5hj3NOFDV\n62szLs+36SWRODVqili6VLr+eunMUwopXl6amlrU2HCn2v68XVWfG6dpT6xSInFqlnsKu5ueerjf\nYKam9mFq3ONktY08QVW3PKFpN9yqxPRL1PhUm5LJW9P2iUYPz5KkrF/wUtH3NzDgEPahW7tW07au\nUvKwa5V89eaOxUWZvbKuTrriiqjXy8SJBRa0u2zt3U1NLZr+9X9XcuMvog3/U0q+GgVs5nsKdRo2\n7HJt3z4y43mqq3dmnjPokKulF9ap7al3M+7X8xe8zFJVVebeaAxEQxwI+9DNmKHEzOnSuIlasGCW\nWlsH59y3vleDBkmXXy7ddVfRwz5j+KaumBtvfUTJjfPTtt8dsNOm1SmZnJG2X03NUl144XFavPgF\nrVnzLbW23tVpXfSmlzG0X7tVC46eparPt0orupexunqnWluzX71fffVpGcrCFNGIR2xhb2ZTJM2X\nNFjST939lrjOhTytXCmtWiXdd58Sw4bF0wtk6lTpyCOlrVulvfcu2mF7umJue+nVjPu0tg7uqGOm\nN7Y5c6I3kUzrbr3111mPefXVf6vkG11Ce8gFatizSo1b9sy4X3X1zh7LAhRbLGFvZoMl/UjS6ZLe\nlPScmS129zVxnA9917RkhRq/Oldto85U1f+YG1+Xv/33l047TfrlL6Wvf71oh83a3v3m+6ra/k7G\ndbubRzruKWSQbV1PXUq7h3a7Gv6mXom3/kt6+ldKDrpAyV0/79in5vDr1NBwRq9lAYopriv7EyWt\nd/cNkmRmiySdLYmw76Rcfaybmlo0/bKHlHx/mfS+pFdinnv+4oul73+/qGGfNXyTL6rhunOV/Jfi\nNo9kbv756JjZQjvxve9J9/6bFsz7mlrf/kDVf9mkhrfWKHHzU1LTsdGo3SOOkGpqpIMOij79FLkv\nPyDFNF2CmX1JUr27X5Z6fqGkz7l7Q6dtPI5z9xeZ2pxrambojjvqYw/8+roZWrZ8bvflcU1p0N4u\nHXyw9OST0qc+VZRDZnz9RlyuO47ZoMRTS1PNMcs7NY9MLvh1LdoxN2+Wfvtb6eWXpWRSWr8+evzp\nT1JbmzRqVPQYOVL62MekPfeM/t39GDZMGjIk66Pp96+q8fE/qm3HUFXt8aGmnXGYEp/+5EdvIp3f\nTHJZlmkdSmPCBGns2LRF/eGbqrol+5w5czp+rq2tVW1tbQmLUyRPPCEdcoh0+OHS4Ny7zPXU5hx3\n2Le9lr33SCyGDJG++lXpZz+LvtqwCLo1nQz6QA3P/YcS9z3Tsb7Yr2PRjjliRDRdw+mnd1+3fbv0\nzjvS229Hn/weWqO21sGqGrRN0z63hxJ77hm9WezcGb2Jdnk0bXhX058fpeS2hR2HTCYvlY7/jRJj\n9oy68u+2++eelmVah9L5znfUvG6dmpubCz9WPp3ze3tImihpaafn10m6pss2RR9sUHK7drmffbb7\nJz7hPny4++c/737VVe4PPui+eXOPu06aNDvjgJp8BzLl7IMPvK7q8yUfzLPkx//H64b+tU869Yac\nR5j2yVVXuX/728U9ZhnlO7qWgVoDnypsUNXzko40s0MlvSXpfElfielc5WMmPfxw9POWLdJzz0V9\nyn/6U+lrX5M+8xnprLOkCy6QDjggbdfe5pCJrT1//nxN+/THlNxUui5/TU0tmn7bGiU/fCqaeka5\n3yPI6XV46y3p3nsH1KRl+X7yY6AWsokl7N293cyukPS4oq6XC32g98TZZ5/0j+bbtkm//rX0q19J\nN94oTZoU9TmfMkUy6/GGX099yAsJ/KafL1bjDY+obcIp2nvvTZow4dvaa6/9Y+/yl29w5fw6fO97\n0U3gAw8sbsHLKN/QrsiJ6FAZ8vk4UIyHBkIzTq62bnVfuDCaTOv4490feMC9vf2jOWQmzfb6+pk9\nzJmywqUZPmLERXk3gSxZssJr9r6sLJNu5dtklVOTxIYN7vvt575pU7yVKLF8m2MqbiI6FJ0qrBkH\nne21l3TJJdHV52OPSXPnSt//vhI//KESGXq/pF/VtSj6gDRXmzdLy/Kcfrjxpn9TcutP0paV6oZw\nvlebOV3d3nRT9Ilp1Ki8y1eJeuvqmQ0DtZANYV9KZtKZZ0bzoj/8sPStb0XfDLVgQdSbJyU9HJdJ\nKrDXTnu72lZnH1Uat8zB9dHAomx6fZNYv1566CFp3bqilbVSFBLaDNRCJoR9OZhJ55wjJRLS/PnS\niSdK110nTZ8uDRnSJRwz/YpatGrVOtXWzunx5m3Hzc31f9JLbeVry00Lru2DVP3bFjVcem6vgdTr\n1e2NN0av2YgRsZW9nAhtFBPfQVsJ1q+XvvnNqEfPwoXS8cd3DOBZtWqdNm9e1Gnjj5p1dj8fNuxO\n1dSM0YEH7pk+82Pazc0WDRnyc7W3391xpJqa63XHHWX4iL9ggfT009IDD/S6adaBTC+/LNXWRq9d\nEefcASpdvoOqCPtK4R4NOrr22ij4Z86UqqoyhPZMSbu/0Ltr8EujR1+qMWOqtGHDe13eJKLtP/7x\nH2v8+E8VbVRpXjZvlg47LGp+2X//tFU5dzk97zzps5+Nvm4QCEi+YU9vnErz5pvRQK1jjnFfudLd\nPa3XzogRF3XqaZGp187unhj59YApmYsucv/BD9IW5TyQ6Pnn3ceMcd+2rYQFBiqD+FrCAWTXLvdF\ni9xHj3a/8sq0UEvvktc10Gf08EaQW9e9knnuuejr/Tp9n2vO3Q3r693vvLPEBQYqQ75hP6iony9Q\nHGbS+edLq1dLGzdKxx0XzcGj6KZlTc2M1IZdb7p2vplbJ2lG2tro5ubkuErdN5/5TDTPfad2+5y6\nWq5YIb3ySlFn0ARCQNhXspEjpfvvl26/PWrHP+00Jap36I7bJ6u+fpbGjXtHw4Zd3mmHzuF/qqR6\nSbM0YsRU1dfPKs/N2J5cc000MdquXZJy6Gq5a1fURn/jjdLQoaUqJTAgcIO2v9ixQ7rvvij4t2yJ\nvt91/Hg1rduoBY+9qta3t2lr29v60/AJ2rgl/Wv1Ki7kd3OPrvCvuUb68pezTPvcqfwLF0r33BP1\n5BnEdQrCRG+ckKxeLbW0SGvWSK2t0Zwwp5wi1daqadkzRZ/HPVZPPhmNLl6zRqquzt7V8t13pXHj\npEcfjeb4BgJF2KP/Ovdc6YQTpBtuyLzePdqmpkb64Q9LWzagwvSHLy8BOqT1p/fDNW3ePUpMniyd\ndFL3jefPlzZskBZ1HTcAIFeEPUou49TFo9ulxN8r0dIkjR//0cY/+Yk0b5701FNSVVUZSgsMDDTj\noOTq62dq2bKbOi1pkbRMI4Yn9dkP/6hpZx+lRN1J0pIl0Sjbhx+OJowDQDMO+o+sUzh/EM3xmXzi\ncmnLUiX+7kxp6tToC7YBFIT+ayi5Xqdwfv9uLRg8LpqnnqAHioKwR8mljwLmO1OBUqAZByXXeX77\naArn7tvwnalAcXGDFmXV66hZAGkYVIV+K+uoWQDdEPYAEIB8w54btAAQAMIeAAJA2ANAAAh7AAgA\nYQ8AASDsASAAhD0ABICwB4AAEPYAEADCHgACQNgDQAAIewAIAGEPAAEg7AEgAIQ9AASAsAeAABD2\nABAAwh4AAkDYA0AACHsACABhDwABIOwBIACEPQAEgLAHgAAQ9gAQgFjC3szmmNkbZva71GNKHOcB\nAORmSEzHdUnz3H1eTMcHAPRBnM04FuOxAQB9EGfYX2FmL5rZQjPbN8bzAAB6kXczjpktlzQ6w6oZ\nku6S9I+p59+VdJukS7tuOGfOnI6fa2trVVtbm29xAGBAam5uVnNzc8HHMXcvvDQ9ncDsUEmPuPux\nXZZ73OcGgIHGzOTufW4mj6s3zphOT8+RtDqO8wAAchNXb5xbzOwERb1yXpX0zZjOAwDIQezNOFlP\nTDMOAPRZRTXjAAAqC2EPAAEg7AEgAIQ9AASAsAeAABD2ABAAwh4AAkDYA0AACHsACABhDwABIOwB\nIACEPQAEgLAHgAAQ9gAQAMIeAAJA2ANAAAh7AAgAYQ8AASDsASAAhD0ABICwB4AAEPYAEADCHgAC\nQNgDQAAIewAIAGEPAAEg7AEgAIQ9AASAsAeAABD2ABAAwh4AAkDYA0AACHsACABhDwABIOwBIACE\nPQAEgLAHgAAQ9gAQAMIeAAJA2ANAAAh7AAgAYQ8AASDsASAAhD0ABICwB4AAEPYAEIC8w97MzjOz\nP5jZTjOb0GXddWa2zszWmlld4cUEABSikCv71ZLOkdTSeaGZHSPpfEnHSJoi6cdmFtwniObm5nIX\nIVbUr38byPUbyHUrRN4h7O5r3f2VDKvOlvSAu+9w9w2S1ks6Md/z9FcD/Q+O+vVvA7l+A7luhYjj\nivtASW90ev6GpLExnAcAkKMhPa00s+WSRmdYdb27P5JttwzLdvW1YACA4jF3L+wAZk9KusrdX0g9\nv1aS3P3m1POlkma7+7Nd9ivsxAAQKHfPdFHdox6v7Pug84kXS/q5mc1T1HxzpKRVXXfIp7AAgPwU\n0vXyHDN7XdJESU1m9pgkufvLkn4p6WVJj0n6n17oxwcAQEEKbsYBAFS+2Pu/m9mU1OCqdWZ2TQ/b\nfcnMdnUdoFXpcqmfmX05NQDtJTO7v9RlLERv9TOzQ8zsSTN7wcxeNLMzylHOfJjZvWa2ycxW97BN\nY6ruL5rZX5WyfIXqrX5m9g+per1oZv/XzI4rdRnzlcvvLrXdZ1MDP88tVdmKIce/zVoz+10qV5p7\nPai7x/aQNFhRP/tDJe0h6f9JOjrDdnspGpz1tKQJcZap1PVTdM/iBUn7pJ6PLHe5i1y/n0j6Zurn\noyW9Wu5y96F+p0j6K0mrs6w/U9KjqZ8/J2lluctc5Pqd1Onvckp/ql9vdUttM1jSryUtkfR35S5z\nkX93+0r6g6SDUs97zZW4r+xPlLTe3Te4+w5JixQNuurqu5JukdSmzF03K1Uu9btM0o/cfYskufuf\nS1zGQuRSv12S9kn9vK+kN0tYvoK4+28kbe5hk7Mk/Utq22cl7WtmB5SibMXQW/3c/Zndf5eSnpV0\nUEkKVgQ5/O4kqUHSg5Leib9ExZVD/S6Q9Ct3fyO1fa+5EnfYj5X0eqfn3QZYpT4aj3X3ptSi/nQT\nodf6KbqyP8rMnjKzZ8ysvmSlK1wu9Zsj6cLUzfomRf/BBopM9e83gdhHl0p6tNyFKBYzG6vowuTu\n1KL+lCu5OFLSfqkm1OfN7Ku97VCsrpd90fGip+bMuV3S1E7r+9OVfSZd/6iGSDpC0iRJB0v6jZmN\n73RF1d90rd8Fkn7m7reb2URJ90kaV/pixcLU/e9xwA0QNLMvSLpE0l+XuyxFNF/Ste6+y8wy/R77\nuz0kTZD0RUnDJT1jZivdfV22HeIO+zcUBdxuByv9Y/5eioKhOfp9aLSkxWb2t54apFXheqvf7m1W\nuvtOSRvM7L8Uhf9vS1PEguRSv0sk1UuSu680s2ozG9nPmquy6Vr/gyS9VaayxCJ1U/YeSVPcvbdm\nkf7k05IWpXJlpKQzzGyHuy8ub7GK5nVJ77j7dknbzaxF0vGSsoZ93M04z0s60swONbOhimbD7Hix\n3X2Lu+/v7oe5+2GSVkrqL0Ev9VK/lIclfUGSzGykpE9K+u+SljJ/udTvNUmnS5KZHS2peoAEvRTV\n9SJJSn1qed/dN5W3SMVjZodI+ndJF7r7+nKXp5jc/fBOufKgpG8NoKCXpP+QdIqZDTaz4Yo6ELzc\n0w6xXtm7e7uZXSHpcUV3xhe6+xozu1HS8559fp1+IZf6ufvjZlZnZn+QtFPS/+4vV1A5/v6uknSP\nmf0vRU08U7MfsbKY2QOKmtdGpu45zFb08Vju/k/u/qiZnWlm6yVtk3Rx+Urbd73VT9INkkZIuit1\nBbzD3fvFDLU51K1fy+Fvc21qKprfK2pavMejAa3Zj5nqtgMAGMCC+1IRAAgRYQ8AASDsASAAhD0A\nBICwB4AAEPYAEADCHgACQNgDQAD+P3/V0agespKLAAAAAElFTkSuQmCC\n",
      "text/plain": [
       "<matplotlib.figure.Figure at 0x108f6b250>"
      ]
     },
     "metadata": {},
     "output_type": "display_data"
    }
   ],
   "source": [
    "plt.plot(defs.omega_dip, sampleOne, 'r-', diffFit.x, diffFit.y, 'bo')\n",
    "pylab.ylim([-10, 10])"
   ]
  },
  {
   "cell_type": "code",
   "execution_count": 101,
   "metadata": {
    "collapsed": false
   },
   "outputs": [
    {
     "data": {
      "text/plain": [
       "array([-0.09084962, -0.09085281, -0.09085919, ...,  0.        ,\n",
       "        0.        ,  0.        ])"
      ]
     },
     "execution_count": 101,
     "metadata": {},
     "output_type": "execute_result"
    }
   ],
   "source": [
    "sampleOne"
   ]
  },
  {
   "cell_type": "code",
   "execution_count": 102,
   "metadata": {
    "collapsed": true
   },
   "outputs": [],
   "source": [
    "def fitAlphas(omegaV, b1A, b1B, b1C, b1D, b1E, b1F, \\\n",
    "\t\tb3A, b3B, b3C, b3D, b3E, b3F, b3G, b3H, b3I, alpha_free):                       \n",
    "    dawsarg_1st = defs.T*(defs.delta_m[0] - omegaV)\n",
    "    dawsarg_3rd = defs.T*(defs.delta_m[1] - omegaV)\n",
    "    alpha1f = alphaOne(omegaV, b1A, b1B, b1C, b1D, b1E, b1F)\n",
    "    alpha3f = alphaThree(omegaV, b3A, b3B, b3C, b3D, b3E, b3F, b3G, b3H, b3I)          \n",
    "    real_factor = (alpha1f*np.exp(-alpha_free*defs.T*defs.T*(defs.delta_m[0]-omegaV)\\\n",
    "                    *(defs.delta_m[0]-omegaV)))\\\n",
    "                     + (alpha3f * np.exp(-alpha_free* defs.T * defs.T *\\\n",
    "                    (defs.delta_m[1]-omegaV)*(defs.delta_m[1]-omegaV)))\n",
    "    imag_factor = (alpha1f*(-2*cmath.sqrt(-1))/\\\n",
    "        (np.sqrt(np.pi))*spcl.dawsn(np.sqrt(alpha_free)*dawsarg_1st)) + \\\n",
    "            (alpha3f*((-2*cmath.sqrt(-1))/\\\n",
    "                (np.sqrt(np.pi)))*spcl.dawsn(np.sqrt(alpha_free)*dawsarg_3rd))\n",
    "    domegaV = np.gradient(omegaV)\n",
    "    phase_fit = np.arctan(np.imag(imag_factor)/np.real(real_factor))\n",
    "    \n",
    "    dphi_fit = np.gradient(phase_fit, domegaV)\n",
    "    return dphi_fit "
   ]
  },
  {
   "cell_type": "code",
   "execution_count": 103,
   "metadata": {
    "collapsed": true
   },
   "outputs": [],
   "source": [
    "p0_test = np.array([ -9.81535485e+00,   3.13972797e-01,   4.94111384e+02,\n",
    "          4.29838499e-01,  -2.09667026e+00,   5.85035196e+00,\n",
    "          3.26147227e-01,  -3.87039586e-01,  -6.38185284e+00,\n",
    "          9.69370558e+00,   6.33642758e-02,  -1.60981140e-01,\n",
    "         -1.36624353e-01,   1.14918371e-02,  -7.19300239e-02,\n",
    "          5.58729693e-03])"
   ]
  },
  {
   "cell_type": "code",
   "execution_count": 104,
   "metadata": {
    "collapsed": false
   },
   "outputs": [
    {
     "data": {
      "text/plain": [
       "(array([ -9.81535494e+00,   3.14053010e-01,   4.94111384e+02,\n",
       "          4.30146679e-01,  -2.09667239e+00,   5.85035180e+00,\n",
       "          3.26531315e-01,  -3.86932516e-01,  -6.38185017e+00,\n",
       "          9.69371461e+00,   6.33573641e-02,  -1.60493177e-01,\n",
       "         -1.36577603e-01,   1.15083895e-02,  -7.14802190e-02,\n",
       "          6.49634984e-03]),\n",
       " array([[  1.68776632e+12,   1.94579846e+08,  -2.91183339e+13,\n",
       "          -1.55417830e+10,  -9.60821015e+10,  -1.05132686e+12,\n",
       "           2.19916269e+10,  -1.18901750e+11,   1.36578764e+12,\n",
       "           8.07456266e+10,   5.78973890e+09,  -6.48823409e+10,\n",
       "           5.95452823e+10,   2.55213368e+11,   5.85130949e+10,\n",
       "          -4.96971319e+06],\n",
       "        [  1.94579846e+08,   4.75591057e+05,  -2.60535986e+10,\n",
       "           1.15186533e+06,   1.86295947e+07,  -1.59018465e+08,\n",
       "          -1.10903817e+07,   8.65982821e+06,   1.94523125e+08,\n",
       "           9.61443527e+06,   2.08339106e+06,  -1.57135336e+07,\n",
       "           8.41386300e+06,  -2.46404382e+07,   2.42933235e+07,\n",
       "          -2.25008745e+03],\n",
       "        [ -2.91183339e+13,  -2.60535986e+10,   8.74299918e+15,\n",
       "          -1.60290193e+12,  -1.13291984e+13,   1.82533959e+13,\n",
       "           3.68379268e+12,  -3.98149697e+12,  -1.94053411e+13,\n",
       "           6.76548177e+11,  -8.91231418e+10,   2.36470572e+11,\n",
       "          -8.95277528e+11,   1.55754393e+13,  -2.88778828e+12,\n",
       "           3.15891990e+07],\n",
       "        [ -1.55417830e+10,   1.15186533e+06,  -1.60290193e+12,\n",
       "           5.84907267e+08,   3.88109162e+09,   9.93269532e+09,\n",
       "          -1.15820338e+09,   2.50346567e+09,  -1.39520646e+10,\n",
       "          -1.28015816e+09,  -6.74346205e+07,   7.53450521e+08,\n",
       "          -5.05695932e+08,  -6.97465577e+09,  -5.14082803e+07,\n",
       "           7.06234803e+04],\n",
       "        [ -9.60821015e+10,   1.86295947e+07,  -1.13291984e+13,\n",
       "           3.88109162e+09,   2.60705017e+10,   6.04467847e+10,\n",
       "          -7.75773554e+09,   1.64002502e+10,  -8.55263880e+10,\n",
       "          -8.04940401e+09,  -3.79455593e+08,   4.93777775e+09,\n",
       "          -3.37858297e+09,  -4.62769248e+10,  -1.72135394e+08,\n",
       "           4.03277881e+05],\n",
       "        [ -1.05132686e+12,  -1.59018465e+08,   1.82533959e+13,\n",
       "           9.93269532e+09,   6.04467847e+10,   6.59446418e+11,\n",
       "          -1.40937593e+10,   7.44697749e+10,  -8.57627451e+11,\n",
       "          -5.13140349e+10,  -3.79566250e+09,   3.98529743e+10,\n",
       "          -3.60225678e+10,  -1.59994455e+11,  -3.57060356e+10,\n",
       "           3.30246818e+06],\n",
       "        [  2.19916269e+10,  -1.10903817e+07,   3.68379268e+12,\n",
       "          -1.15820338e+09,  -7.75773554e+09,  -1.40937593e+10,\n",
       "           4.78030510e+09,  -8.34495707e+09,   2.37379258e+10,\n",
       "           3.34999288e+09,   1.65303948e+08,   1.78351624e+09,\n",
       "          -1.18670445e+09,   1.69160782e+10,  -4.63584187e+09,\n",
       "          -1.31563604e+05],\n",
       "        [ -1.18901750e+11,   8.65982821e+06,  -3.98149697e+12,\n",
       "           2.50346567e+09,   1.64002502e+10,   7.44697749e+10,\n",
       "          -8.34495707e+09,   1.87044614e+10,  -1.05415043e+11,\n",
       "          -9.27535666e+09,  -5.47905983e+08,   9.08490085e+08,\n",
       "          -1.56148975e+09,  -3.78543538e+10,   3.70039292e+09,\n",
       "           4.48970099e+05],\n",
       "        [  1.36578764e+12,   1.94523125e+08,  -1.94053411e+13,\n",
       "          -1.39520646e+10,  -8.55263880e+10,  -8.57627451e+11,\n",
       "           2.37379258e+10,  -1.05415043e+11,   1.13450951e+12,\n",
       "           7.34930116e+10,   5.34886556e+09,  -6.40542821e+10,\n",
       "           5.55019576e+10,   2.25980666e+11,   5.55350498e+10,\n",
       "          -4.59673782e+06],\n",
       "        [  8.07456266e+10,   9.61443527e+06,   6.76548177e+11,\n",
       "          -1.28015816e+09,  -8.04940401e+09,  -5.13140349e+10,\n",
       "           3.34999288e+09,  -9.27535666e+09,   7.34930116e+10,\n",
       "           6.46193425e+09,   4.46018085e+08,  -6.87663261e+09,\n",
       "           5.39334787e+09,   2.00694422e+10,   5.22095420e+09,\n",
       "          -3.75598077e+05],\n",
       "        [  5.78973890e+09,   2.08339106e+06,  -8.91231418e+10,\n",
       "          -6.74346205e+07,  -3.79455593e+08,  -3.79566250e+09,\n",
       "           1.65303948e+08,  -5.47905983e+08,   5.34886556e+09,\n",
       "           4.46018085e+08,   3.60592114e+07,  -4.90379141e+08,\n",
       "           3.74264806e+08,   1.11414068e+09,   4.22590515e+08,\n",
       "          -3.11495627e+04],\n",
       "        [ -6.48823409e+10,  -1.57135336e+07,   2.36470572e+11,\n",
       "           7.53450521e+08,   4.93777775e+09,   3.98529743e+10,\n",
       "           1.78351624e+09,   9.08490085e+08,  -6.40542821e+10,\n",
       "          -6.87663261e+09,  -4.90379141e+08,   2.90299370e+10,\n",
       "          -2.05046417e+10,  -1.54745351e+10,  -3.03105488e+10,\n",
       "           4.33631786e+05],\n",
       "        [  5.95452823e+10,   8.41386300e+06,  -8.95277528e+11,\n",
       "          -5.05695932e+08,  -3.37858297e+09,  -3.60225678e+10,\n",
       "          -1.18670445e+09,  -1.56148975e+09,   5.55019576e+10,\n",
       "           5.39334787e+09,   3.74264806e+08,  -2.05046417e+10,\n",
       "           1.49749232e+10,   1.00522052e+10,   2.14968707e+10,\n",
       "          -3.17766075e+05],\n",
       "        [  2.55213368e+11,  -2.46404382e+07,   1.55754393e+13,\n",
       "          -6.97465577e+09,  -4.62769248e+10,  -1.59994455e+11,\n",
       "           1.69160782e+10,  -3.78543538e+10,   2.25980666e+11,\n",
       "           2.00694422e+10,   1.11414068e+09,  -1.54745351e+10,\n",
       "           1.00522052e+10,   1.09162113e+11,   5.28307931e+09,\n",
       "          -1.01779815e+06],\n",
       "        [  5.85130949e+10,   2.42933235e+07,  -2.88778828e+12,\n",
       "          -5.14082803e+07,  -1.72135394e+08,  -3.57060356e+10,\n",
       "          -4.63584187e+09,   3.70039292e+09,   5.55350498e+10,\n",
       "           5.22095420e+09,   4.22590515e+08,  -3.03105488e+10,\n",
       "           2.14968707e+10,   5.28307931e+09,   3.33527065e+10,\n",
       "          -3.78573336e+05],\n",
       "        [ -4.96971319e+06,  -2.25008745e+03,   3.15891990e+07,\n",
       "           7.06234803e+04,   4.03277881e+05,   3.30246818e+06,\n",
       "          -1.31563604e+05,   4.48970099e+05,  -4.59673782e+06,\n",
       "          -3.75598077e+05,  -3.11495627e+04,   4.33631786e+05,\n",
       "          -3.17766075e+05,  -1.01779815e+06,  -3.78573336e+05,\n",
       "           2.84930658e+01]]))"
      ]
     },
     "execution_count": 104,
     "metadata": {},
     "output_type": "execute_result"
    }
   ],
   "source": [
    "Path = '/Users/cgoldsmith/Desktop/text_files_data'\n",
    "os.chdir(Path)\n",
    "data = np.loadtxt('TDSE_3fs.txt')\n",
    "x = data[:, 0]\n",
    "y = data[:, 4]\n",
    "sopt.curve_fit(fitAlphas, x, y,\\\n",
    "p0 = p0_test, bounds=(-20,700), max_nfev=10000, check_finite=False)"
   ]
  },
  {
   "cell_type": "code",
   "execution_count": 111,
   "metadata": {
    "collapsed": false
   },
   "outputs": [
    {
     "data": {
      "text/plain": [
       "(-5, 5)"
      ]
     },
     "execution_count": 111,
     "metadata": {},
     "output_type": "execute_result"
    },
    {
     "data": {
